Skill:,Hunter,,Total XP gained:,6574198
#1,Ironodum,13716707,16003292,2286585
#2,Zillya,4314999,6318014,2003015
#3,Rags_Dream,852526,1694872,842346
#4,Thedyolf,3002088,3621864,619776
#5,The_Roots,675123,1043170,368047
#6,Lucky_Lucid,174967,355806,180839
#7,Sabin_08,703602,756662,53060
#8,Aviron_nz,2778389,2828637,50248
#9,Jhb,5226706,5273526,46820
#10,Solo_deejay,737403,783875,46472
#11,Just_Haarp,2404597,2448881,44284
#12,grazyiron,891153,899924,8771
#13,Larry_0g,3475482,3480533,5051
#14,1iron_Reborn,6525065,6529865,4800
#15,Ir0nman_J0sh,1653312,1658088,4776
#16,Druknr,1287810,1292370,4560
#17,Iron_Amos,415872,419952,4080
#18,Hovmeizter,15300402,15300724,322
#19,Karc,8096150,8096415,265
#20,Fe_Boney_B,1003343,1003392,49
#21,Mrh4mm3r,625693,625725,32