Skill:,Thieving,,Total XP gained:,1004083
#1,Dezq,4420772,5354343,933571
#2,Name_Snlped,1765928,1798974,33046
#3,Master_beast,8302971,8312611,9640
#4,Tim_fe_rrell,6313425,6321576,8151
#5,HC_Kippster0,51028,58421,7393
#6,Druknr,6960449,6964449,4000
#7,Thedyolf,3263631,3267231,3600
#8,Iron_nimmi,1318021,1319621,1600
#9,Shuryo_Tora,1015745,1016945,1200
#10,Hovmeizter,14168813,14169493,680
#11,S0da_ash,1035034,1035634,600
#12,Octive,832107,832667,560
#13,L3opoldstoch,309738,309780,42