Skill:,Hunter,,Total XP gained:,1067169
#1,Iron_flyn,5585692,6231415,645723
#2,Wolowizzle,2741888,3013093,271205
#3,Home_Workout,1945593,2044878,99285
#4,Thedyolf,6102493,6139693,37200
#5,Iron_smorc,3120161,3124721,4560
#6,Rounder,5907495,5912055,4560
#7,Putrid,1026398,1030934,4536
#8,Spets,3813619,3813655,36
#9,HC_Kippster0,535072,535104,32
#10,Iron_Tonkin,3921621,3921653,32