Skill:,Firemaking,,Total XP gained:,12622213
#1,Iron_flyn,2108878,5624602,3515724
#2,Twig_HC,20060,2413418,2393358
#3,Iron_Island,10755437,13034723,2279286
#4,Saggy_bewbz,11193657,13035357,1841700
#5,Getlowcelot3,3603272,5114941,1511669
#6,Iron_nimmi,3351601,3803287,451686
#7,Ekats_UK,5238575,5484069,245494
#8,Ex_hcim_brad,14653205,14890251,237046
#9,Thedyolf,3850148,3978628,128480
#10,Druknr,1993031,2000822,7791
#11,Tetsu_nurtaw,13048306,13053366,5060
#12,Hovis_loaf,13068521,13070521,2000
#13,TwigQQ,4820426,4822046,1620
#14,Temku,4023433,4024216,783
#15,Hovmeizter,13536589,13537039,450
#16,Master_beast,13524038,13524104,66