Skill:,Barrows,,Total XP gained:,497
#1,Thedyolf,850,950,100
#2,Iron_nimmi,753,820,67
#3,Druknr,558,623,65
#4,Putrid,165,220,55
#5,Haaarp,758,800,42
#6,Boy_Jakeob,892,930,38
#7,Iron_flyn,306,331,25
#8,S0da_ash,350,375,25
#9,Conztant,1151,1175,24
#10,Iron_Island,62,85,23
#11,Iron_Tonkin,480,503,23
#12,Paganwayz,184,190,6
#13,IronSlainRev,325,328,3
#14,Master_beast,536,537,1