Skill:,Mining,,Total XP gained:,356691
#1,Druknr,1135547,1291977,156430
#2,Dihl,1265834,1340659,74825
#3,Iron_Nimmi,793285,857770,64485
#4,grazyiron,3995004,4030201,35197
#5,Zillya,8976243,8990823,14580
#6,Larry_0g,1562589,1568325,5736
#7,Karc,2916410,2918402,1992
#8,The_Roots,1103067,1105007,1940
#9,Des_W,2783619,2784449,830
#10,Jhb,3284161,3284557,396
#11,Solo_deejay,165990,166190,200
#12,Mr_No_Lift,2101071,2101151,80