Skill:,Barrows,,Total XP gained:,998
#1,Thedyolf,450,750,300
#2,Taak-o,897,1084,187
#3,SlackyQQ,756,900,144
#4,Lucky_lucid,50,170,120
#5,Iron_flyn,202,300,98
#6,Ex_hcim_brad,900,988,88
#7,Temku,305,379,74
#8,Spets,568,600,32
#9,Sobrietity,290,321,31
#10,Iron_smorc,930,937,7
#11,S0da_ash,285,287,2