"Dezh7","3702340","5685219","1982879"
"Thedyolf","2620401","4014104","1393703"
"Dihl","5781597","6940796","1159199"
"Paganways","740061","1884251","1144190"
"Iron Amos","2778508","3900982","1122474"
"Zillya","9626236","10704093","1077857"
"Lucky Lucid","1147804","1986064","838260"
"L3opoldstoch","1853787","2430987","577200"
"Iron Nimmi","2920473","3395600","475127"
"Mr No Lift","4775727","5226701","450974"
"Rags Dream","13417234","13766465","349231"
"Druknr","1560802","1844652","283850"
"Mrh4mm3r","1096859","1363619","266760"
"Lamfear","6614091","6775235","161144"
"Theduim","10","83529","83519"
"Iron Mikx","1519644","1582044","62400"
"Jesstice","763277","821577","58300"
"Jhb","6002049","6042935","40886"
"Just Haarp","741440","770905","29465"
"The Roots","6517271","6527417","10146"
"Ir0nman J0sh","1045678","1052128","6450"
"Larry 0g","5903042","5907582","4540"
"Virgin Barry","543071","543586","515"
"1iron Reborn","8601927","8601927","0"
"Fe Boney B","2169480","2169480","0"
"Fuq U Blyat","7512206","7512206","0"
"Hovmeizter","6521803","6521803","0"
"Hudson","5996964","5996964","0"
"Imcairnsy","3314863","3314863","0"
"Iron Puritan","1475589","1475589","0"
"Ironodum","13034851","13034851","0"
"Karc","6211544","6211544","0"
"Lolland","1337342","1337342","0"
"P4y D1rt","114260","114260","0"
"Rounder","14352292","14352292","0"
"Sabin 08","3601513","3601513","0"
"Slackyqq","1059907","1059907","0"
"Spartin028","1814181","1814181","0"
"Whats A Ge","1564461","1564461","0"
"Whats Da Ge","13035144","13035144","0"
"Young X","572206","572206","0"
"","","Total:","11579069"
