Skill:,Barrows,,Total XP gained:,1001
#1,Thedyolf,850,1000,150
#2,Home_Workout,828,934,106
#3,Iron_Grumio,586,675,89
#4,Boy_Jakeob,892,981,89
#5,Haaarp,758,846,88
#6,Iron_Island,62,144,82
#7,Conztant,1151,1223,72
#8,Putrid,165,235,70
#9,Iron_nimmi,753,822,69
#10,Druknr,558,623,65
#11,S0da_ash,350,385,35
#12,Iron_flyn,306,337,31
#13,Iron_Tonkin,480,511,31
#14,IronSlainRev,325,342,17
#15,Paganwayz,184,190,6
#16,Master_beast,536,537,1