Skill:,Firemaking,,Total XP gained:,3876853
#1,Dihl,13456906,14789642,1332736
#2,Iron_flyn,8113225,9172813,1059588
#3,Salty_Seb,273547,1132069,858522
#4,Ex_hcim_brad,16499820,17081416,581596
#5,Iron_Venema,6399401,6439476,40075
#6,SlackyQQ,3159214,3162407,3193
#7,Home_Workout,515575,516110,535
#8,Druknr,3981315,3981508,193
#9,Ekats_UK,13035843,13035963,120
#10,Lucky_Lucid,2091654,2091759,105
#11,Rouqz,4583653,4583753,100
#12,Octive,5362906,5362996,90