Skill:,Agility,,Total XP gained:,112380
#1,Thedyolf,4533142,4611092,77950
#2,Conztant,2465975,2483448,17473
#3,Lucky_Lucid,4122423,4135490,13067
#4,Gat_Damn,186240,190078,3838
#5,Druknr,2664447,2664462,15
#6,Iron_flyn,2396532,2396543,11
#7,Hovis_loaf,2449124,2449134,10
#8,Iron_Grumio,4150317,4150326,9
#9,Home_Workout,1010316,1010322,6
#10,Iron_smorc,2165207,2165208,1