Skill:,Agility,,Total XP gained:,10000479
#1,Iron_flyn,2396532,5079943,2683411
#2,Iron_Grumio,4150317,6122888,1972571
#3,Druknr,2664447,4481404,1816957
#4,Thedyolf,4533142,5768219,1235077
#5,Conztant,2465975,2987052,521077
#6,Iron_Venema,5772235,6278658,506423
#7,Lucky_Lucid,4122423,4400124,277701
#8,Iron_Tonkin,1237961,1475832,237871
#9,Dihl,2311433,2538473,227040
#10,Ex_hcim_brad,1097109,1317255,220146
#11,HC_Kippster0,303719,417042,113323
#12,Temku,2157811,2203502,45691
#13,Iron_nimmi,1796819,1827657,30838
#14,Gat_Damn,186240,217018,30778
#15,Paganwayz,874339,899674,25335
#16,Confused_Seb,870385,892181,21796
#17,Iron_smorc,2165207,2175837,10630
#18,Crulious,1382832,1391531,8699
#19,Saggy_bewbz,785059,792894,7835
#20,Putrid,1218323,1224163,5840
#21,Home_Workout,1010316,1010914,598
#22,Dezq,5906979,5907357,378
#23,Master_beast,13000474,13000656,182
#24,Ekats_UK,3671018,3671138,120
#25,Lil_SadBoy,1433639,1433670,31
#26,LucyFur_iron,1036831,1036861,30
#27,S0da_ash,1256365,1256395,30
#28,The_Roots,1240815,1240839,24
#29,Octive,1498616,1498638,22
#30,Hovis_loaf,2449124,2449134,10
#31,Getlowcelot3,1927872,1927881,9
#32,SlackyQQ,2434983,2434988,5
#33,Tim_fe_rrell,1488482,1488483,1