Skill:,Thieving,,Total XP gained:,6358561
#1,Tim_fe_rrell,314910,4340626,4025716
#2,The_Roots,899205,1994243,1095038
#3,Thedyolf,2139772,2803000,663228
#4,Swemf,187802,737752,549950
#5,VomitValcano,620997,635286,14289
#6,Imcairnsy,964773,974332,9559
#7,Rounder,16579077,16579717,640
#8,Ironodum,15039396,15039439,43
#9,Master_Beast,8179596,8179639,43
#10,Boy_Jakeob,193603,193633,30
#11,Sabin_08,899825,899850,25