Skill:,Mining,,Total XP gained:,1601442
#1,Druknr,1135547,1639932,504385
#2,grazyiron,3995004,4264281,269277
#3,Dihl,1265834,1493908,228074
#4,Iron_Nimmi,793285,998705,205420
#5,Aviron_nz,2423461,2512586,89125
#6,The_Roots,1103067,1179857,76790
#7,Thedyolf,4562379,4625354,62975
#8,Des_W,2783619,2834449,50830
#9,Hovmeizter,6527846,6573835,45989
#10,Karc,2916410,2941184,24774
#11,Larry_0g,1562589,1584165,21576
#12,236P,6961,27657,20696
#13,Whats_A_Ge,1223835,1224665,830
#14,Jhb,3284161,3284557,396
#15,Solo_deejay,165990,166215,225
#16,Mr_No_Lift,2101071,2101151,80