Skill:,Fishing,,Total XP gained:,1800427
#1,Rounder,14382143,15108997,726854
#2,ThedUIM,3679943,3998206,318263
#3,VomitValcano,1835443,2135623,300180
#4,Dihl,12481749,12673906,192157
#5,Spets,3739113,3868873,129760
#6,Perpetuitate,3197730,3253800,56070
#7,Slique,4077355,4122988,45633
#8,Swemf,1815762,1846342,30580
#9,Just_Haarp,902294,903214,920
#10,Pug_Soup,258028,258038,10