Skill:,Smithing,,Total XP gained:,2593587
#1,Iron_flyn,989897,2605640,1615743
#2,Druknr,4769599,5347748,578149
#3,Iron_Grumio,2045140,2299025,253885
#4,Thedyolf,4444219,4544857,100638
#5,IronOdum,13595320,13637638,42318
#6,Iron_Island,396401,398196,1795
#7,LuckyLucidQQ,1997532,1998132,600
#8,Hovis_loaf,1000001,1000151,150
#9,Ekats_UK,3989357,3989494,137
#10,Jesstice,237719,237819,100
#11,Dezq,5486840,5486890,50
#12,HC_Kippster0,224621,224643,22