Skill:,Firemaking,,Total XP gained:,6816835
#1,Rounder,14301112,16850211,2549099
#2,Sobrietity,1985905,3307117,1321212
#3,Just_Haarp,595533,1733332,1137799
#4,Swemf,8490038,9298097,808059
#5,Mr_No_Lift,4843225,5164896,321671
#6,Outs,4545441,4820351,274910
#7,L3opoldstoch,13058477,13253245,194768
#8,236P,4119001,4249151,130150
#9,Lucky_Lucid,2010135,2086426,76291
#10,1iron_Reborn,8044332,8045732,1400
#11,Ironodum,15074471,15075801,1330
#12,ThedUIM,13273052,13273198,146