Skill:,Runecraft,,Total XP gained:,876331
#1,Druknr,1119540,1417744,298204
#2,Constunt,392991,675461,282470
#3,Ex_hcim_brad,425931,560084,134153
#4,Octive,496770,573444,76674
#5,Iron_flyn,616146,646086,29940
#6,S0da_ash,398744,412604,13860
#7,Thedyolf,1280461,1293443,12982
#8,Temku,398185,407421,9236
#9,LucyFur_iron,253138,260038,6900
#10,Putrid,263714,268714,5000
#11,Hovis_loaf,55654,59166,3512
#12,Iron_nimmi,614573,617973,3400