Skill:,Barrows,,Total XP gained:,336
#1,Druknr,558,618,60
#2,Thedyolf,850,900,50
#3,Haaarp,758,800,42
#4,Putrid,165,200,35
#5,Iron_nimmi,753,779,26
#6,Iron_flyn,306,331,25
#7,Conztant,1151,1175,24
#8,Iron_Island,62,85,23
#9,Iron_Tonkin,480,500,20
#10,S0da_ash,350,364,14
#11,Boy_Jakeob,892,899,7
#12,Paganwayz,184,190,6
#13,IronSlainRev,325,328,3
#14,Master_beast,536,537,1