Skill:,Slayer,,Total XP gained:,328769
#1,Rouqz,5119055,5194995,75940
#2,Grazyiron,3903698,3961617,57919
#3,Ironodum,17963407,18009696,46289
#4,Master_Beast,10080726,10120326,39600
#5,Paganwayz,1660323,1697194,36871
#6,Ir0nman_J0sh,3740002,3763476,23474
#7,Lolland,4755643,4772473,16830
#8,Thedyolf,4970790,4986192,15402
#9,The_Roots,1320725,1332065,11340
#10,Sabin_08,1376795,1381899,5104