Skill:,Hunter,,Total XP gained:,9271809
#1,Ironodum,13716707,17001527,3284820
#2,Zillya,4314999,7303014,2988015
#3,Rags_Dream,852526,2052743,1200217
#4,Thedyolf,3002088,3621864,619776
#5,The_Roots,675123,1043170,368047
#6,Aviron_nz,2778389,3048234,269845
#7,Lucky_Lucid,174967,355838,180871
#8,Sabin_08,703602,785222,81620
#9,Jhb,5226706,5302326,75620
#10,Iron_Puritan,768756,834512,65756
#11,Solo_deejay,737403,787739,50336
#12,Just_Haarp,2404597,2448881,44284
#13,Ir0nman_J0sh,1653312,1662648,9336
#14,grazyiron,891153,899924,8771
#15,Iron_Amos,415872,424032,8160
#16,Larry_0g,3475482,3480533,5051
#17,1iron_Reborn,6525065,6529865,4800
#18,Druknr,1287810,1292550,4740
#19,Lamfear,4085544,4086620,1076
#20,Hovmeizter,15300402,15300724,322
#21,Karc,8096150,8096415,265
#22,Fe_Boney_B,1003343,1003392,49
#23,Mrh4mm3r,625693,625725,32