Skill:,Agility,,Total XP gained:,1127003
#1,Iron_Grumio,4150317,4711141,560824
#2,Iron_flyn,2396532,2657930,261398
#3,Thedyolf,4533142,4656632,123490
#4,Conztant,2465975,2527554,61579
#5,Iron_Venema,5772235,5829213,56978
#6,Confused_Seb,870385,889895,19510
#7,Paganwayz,874339,889339,15000
#8,Lucky_Lucid,4122423,4135533,13110
#9,Gat_Damn,186240,195405,9165
#10,Putrid,1218323,1224146,5823
#11,Dezq,5906979,5907042,63
#12,LucyFur_iron,1036831,1036851,20
#13,Druknr,2664447,2664462,15
#14,Hovis_loaf,2449124,2449134,10
#15,Ekats_UK,3671018,3671027,9
#16,Home_Workout,1010316,1010322,6
#17,Iron_smorc,2165207,2165210,3