Skill:,Slayer,,Total XP gained:,481893
#1,Rounder,2161412,2311676,150264
#2,Master_Beast,9236530,9289505,52975
#3,Mr_No_Lift,20484927,20533620,48693
#4,Lucky_Lucid,1903549,1950917,47368
#5,Juicy_Orphan,6167419,6211024,43605
#6,236P,697048,727076,30028
#7,Outs,7145195,7174152,28957
#8,Sobrietity,954228,982966,28738
#9,Grazyiron,1237656,1257719,20063
#10,L3opoldstoch,412001,431889,19888
#11,Imcairnsy,4125606,4132932,7326
#12,DAMNITrone,366539,368627,2088
#13,Goneau,18800,20700,1900