Skill:,Firemaking,,Total XP gained:,4779417
#1,Getlowcelot3,3603272,5054340,1451068
#2,Iron_flyn,2108878,3484978,1376100
#3,Twig_HC,20060,803400,783340
#4,Iron_nimmi,3351601,3803287,451686
#5,Saggy_bewbz,11193657,11555167,361510
#6,Ex_hcim_brad,14653205,14869112,215907
#7,Thedyolf,3850148,3978484,128336
#8,Druknr,1993031,2000233,7202
#9,Hovis_loaf,13068521,13070521,2000
#10,TwigQQ,4820426,4822046,1620
#11,Temku,4023433,4024081,648