Skill:,Barrows,,Total XP gained:,224
#1,Thedyolf,850,900,50
#2,Druknr,558,594,36
#3,Putrid,165,200,35
#4,Iron_flyn,306,331,25
#5,Iron_Island,62,85,23
#6,Haaarp,758,778,20
#7,Iron_Tonkin,480,494,14
#8,Iron_nimmi,753,762,9
#9,S0da_ash,350,357,7
#10,Paganwayz,184,189,5