Skill:,Woodcutting,,Total XP gained:,1085666
#1,Iron_flyn,3462233,3976898,514665
#2,Lucky_lucid,2316393,2637098,320705
#3,Temku,1406990,1569115,162125
#4,Ex_hcim_brad,2835542,2875617,40075
#5,Jesstice,496083,527559,31476
#6,Desabled,5999728,6007532,7804
#7,Spets,1989151,1991928,2777
#8,Hovis_loaf,733071,734896,1825
#9,Sobrietity,1028336,1029711,1375
#10,Druknr,1471123,1472060,937
#11,S0da_ash,1028100,1028796,696
#12,Iron_nimmi,1238330,1238934,604
#13,LucyFur_iron,2093509,2093809,300
#14,Lil_SadBoy,765481,765781,300
#15,Octive,1377667,1377668,1
#16,Constunt,2770523,2770524,1