Skill:,Barrows,,Total XP gained:,734
#1,Thedyolf,450,725,275
#2,Taak-o,897,1052,155
#3,Lucky_lucid,50,170,120
#4,Iron_flyn,202,300,98
#5,Ex_hcim_brad,900,942,42
#6,SlackyQQ,756,796,40
#7,Temku,305,339,34
#8,Spets,568,600,32
#9,Sobrietity,290,306,16
#10,Iron_smorc,930,937,7