Skill:,Zulrah,,Total XP gained:,1060
#1,Iron_flyn,86,586,500
#2,Crulious,969,1181,212
#3,Iron_Grumio,388,500,112
#4,Home_Workout,600,700,100
#5,Thedyolf,800,825,25
#6,Ekats_UK,884,908,24
#7,Iron_nimmi,1770,1789,19
#8,Iron_Tonkin,292,311,19
#9,Octive,334,352,18
#10,Tim_fe_rrell,370,388,18
#11,Dihl,73,86,13