Skill:,Runecraft,,Total XP gained:,382659
#1,Druknr,394078,563202,169124
#2,ThedUIM,335760,409096,73336
#3,Getlowcelot3,567770,620600,52830
#4,Desabled,1695604,1745786,50182
#5,Lucky_Lucid,196135,210172,14037
#6,Rounder,550715,561803,11088
#7,Kusirusina,62033,70913,8880
#8,Mr_No_Lift,3610475,3612975,2500
#9,Iron_Nimmi,486845,487495,650
#10,Just_Haarp,990329,990361,32