Skill:,Firemaking,,Total XP gained:,-98800242
#1,Rounder,14301112,16850211,2549099
#2,Sobrietity,1985905,3604837,1618932
#3,Just_Haarp,595533,1957178,1361645
#4,Mr_No_Lift,4843225,5164896,321671
#5,L3opoldstoch,13058477,13253245,194768
#6,236P,4119001,4249151,130150
#7,Grazyiron,2635274,2752424,117150
#8,Lucky_Lucid,2010135,2086426,76291
#9,1iron_Reborn,8044332,8101557,57225
#10,Ironodum,15074471,15075801,1330
#11,ThedUIM,13273052,13273198,146