Skill:,Mining,,Total XP gained:,609431
#1,Druknr,1135547,1303627,168080
#2,Iron_Nimmi,793285,910570,117285
#3,Dihl,1265834,1364859,99025
#4,grazyiron,3995004,4070091,75087
#5,Des_W,2783619,2834449,50830
#6,The_Roots,1103067,1140842,37775
#7,Zillya,8976243,9001911,25668
#8,236P,6961,27647,20686
#9,Larry_0g,1562589,1572141,9552
#10,Karc,2916410,2920322,3912
#11,Whats_A_Ge,1223835,1224665,830
#12,Jhb,3284161,3284557,396
#13,Solo_deejay,165990,166215,225
#14,Mr_No_Lift,2101071,2101151,80