Skill:,Slayer,,Total XP gained:,3976061
#1,Grazyiron,3903698,4565203,661505
#2,Thedyolf,4970790,5590174,619384
#3,Ironodum,17963407,18508030,544623
#4,Paganwayz,1660323,1986468,326145
#5,Master_Beast,10080726,10328689,247963
#6,1iron_Reborn,16718353,16956718,238365
#7,Rouqz,5119055,5354906,235851
#8,The_Roots,1320725,1518989,198264
#9,Desabled,15727746,15862259,134513
#10,Swemf,1193852,1314342,120490
#11,Ir0nman_J0sh,3740002,3844675,104673
#12,Solo_deejay,711605,794605,83000
#13,Iron_Keagan,8653060,8713222,60162
#14,L3opoldstoch,1666652,1726731,60079
#15,Lolland,4755643,4810148,54505
#16,Kusirusina,272919,325324,52405
#17,Rounder,4477708,4522836,45128
#18,Mr_No_Lift,20562057,20606860,44803
#19,236P,1450064,1485679,35615
#20,Iron_Smorc,4152267,4187772,35505
#21,Sabin_08,1376795,1405007,28212
#22,Pug_Soup,1469379,1489424,20045
#23,Tim_fe_rrell,911960,927045,15085
#24,Ex_hcim_brad,2560676,2567967,7291
#25,Lucky_Lucid,2425288,2427738,2450