Skill:,Fishing,,Total XP gained:,3011532
#1,Rounder,14382143,15499992,1117849
#2,VomitValcano,1835443,2488481,653038
#3,ThedUIM,3679943,4278408,598465
#4,Dihl,12481749,12699619,217870
#5,Spets,3739113,3868873,129760
#6,Slique,4077355,4194615,117260
#7,Swemf,1815762,1896402,80640
#8,Perpetuitate,3197730,3271770,74040
#9,L3opoldstoch,3384472,3406152,21680
#10,Just_Haarp,902294,903214,920
#11,Pug_Soup,258028,258038,10