Skill:,Slayer,,Total XP gained:,1188276
#1,Thedyolf,8842803,9064056,221253
#2,SlackyQQ,4465162,4630937,165775
#3,Tetsu_nurtaw,1342169,1492305,150136
#4,S0da_ash,4924501,5065079,140578
#5,Iron_nimmi,11873646,11994799,121153
#6,Druknr,13875551,13972193,96642
#7,Getlowcelot3,5939841,6010001,70160
#8,HC_Grumio,3147710,3216512,68802
#9,Master_beast,11519693,11566703,47010
#10,Temku,6073788,6106265,32477
#11,Ex_hcim_brad,4497132,4519112,21980
#12,Iron_smorc,6261022,6281327,20305
#13,Tim_fe_rrell,4286243,4302493,16250
#14,Shuryo_Tora,5045730,5054480,8750
#15,HC_Kippster0,79628,85093,5465
#16,Lucky_lucid,5343266,5344806,1540