Skill:,Mining,,Total XP gained:,444203
#1,Druknr,1135547,1291977,156430
#2,Iron_Nimmi,793285,873740,80455
#3,Dihl,1265834,1340659,74825
#4,grazyiron,3995004,4049798,54794
#5,Des_W,2783619,2834449,50830
#6,Zillya,8976243,8990823,14580
#7,Larry_0g,1562589,1568325,5736
#8,Karc,2916410,2920322,3912
#9,The_Roots,1103067,1105007,1940
#10,Jhb,3284161,3284557,396
#11,Solo_deejay,165990,166215,225
#12,Mr_No_Lift,2101071,2101151,80