Skill:,Zulrah,,Total XP gained:,1079
#1,Desabled,1334,1692,358
#2,S0da_ash,131,352,221
#3,Iron_Venema,161,303,142
#4,Druknr,1030,1126,96
#5,Spets,465,550,85
#6,Outs,252,304,52
#7,Thedyolf,200,250,50
#8,Constunt,284,325,41
#9,Iron_nimmi,1269,1302,33
#10,Ex_hcim_brad,0,1,1