Skill:,Hunter,,Total XP gained:,1528326
#1,Iron_flyn,5585692,6343780,758088
#2,Thedyolf,6102493,6419093,316600
#3,Wolowizzle,2741888,3013093,271205
#4,Home_Workout,1945593,2103708,158115
#5,Iron_smorc,3120161,3129303,9142
#6,Iron_Tonkin,3921621,3927633,6012
#7,Rounder,5907495,5912055,4560
#8,Putrid,1026398,1030934,4536
#9,Spets,3813619,3813655,36
#10,HC_Kippster0,535072,535104,32