Skill:,Hunter,,Total XP gained:,2159624
#1,Ironodum,13716707,14508617,791910
#2,Thedyolf,3002088,3408384,406296
#3,Zillya,4314999,4647999,333000
#4,The_Roots,675123,993375,318252
#5,Rags_Dream,852526,1077439,224913
#6,Just_Haarp,2404597,2448852,44255
#7,Jhb,5226706,5241106,14400
#8,Sabin_08,703602,715842,12240
#9,1iron_Reborn,6525065,6529865,4800
#10,Druknr,1287810,1292370,4560
#11,Aviron_nz,2778389,2782949,4560
#12,Larry_0g,3475482,3475876,394
#13,Hovmeizter,15300402,15300424,22
#14,P4y_D1rt,17340,17362,22