Skill:,Hunter,,Total XP gained:,3065344
#1,Tetsu_nurtaw,3602974,5202284,1599310
#2,Iron_flyn,3732497,4848413,1115916
#3,Iron_nimmi,1694582,1854943,160361
#4,Hovis_loaf,9074965,9211707,136742
#5,Saggy_bewbz,1372845,1401405,28560
#6,Temku,1040070,1048230,8160
#7,Master_beast,5468273,5473113,4840
#8,Getlowcelot3,1309598,1314158,4560
#9,Lil_SadBoy,737806,741150,3344
#10,Tim_fe_rrell,786389,789457,3068
#11,Dezq,10148077,10148377,300
#12,HC_Kippster0,456950,457011,61
#13,IronSlainRev,1998657,1998706,49
#14,Iron_smorc,2778911,2778938,27
#15,L3opoldstoch,2914707,2914731,24
#16,SlackyQQ,2803053,2803075,22