Skill:,Woodcutting,,Total XP gained:,704954
#1,Iron_flyn,3462233,3826215,363982
#2,Lucky_lucid,2316393,2500163,183770
#3,Temku,1406990,1496240,89250
#4,Jesstice,496083,527559,31476
#5,Ex_hcim_brad,2835542,2863542,28000
#6,Desabled,5999728,6003400,3672
#7,Spets,1989151,1991192,2041
#8,Hovis_loaf,733071,734896,1825
#9,Druknr,1471123,1472060,937
#10,Constunt,2770523,2770524,1