Skill:,Woodcutting,,Total XP gained:,497814
#1,Iron_flyn,3462233,3826215,363982
#2,Temku,1406990,1460740,53750
#3,Jesstice,496083,527559,31476
#4,Ex_hcim_brad,2835542,2863542,28000
#5,Lucky_lucid,2486393,2500163,13770
#6,Spets,1989151,1991192,2041
#7,Desabled,5999728,6001760,2032
#8,Hovis_loaf,733071,734896,1825
#9,Druknr,1471123,1472060,937
#10,Constunt,2770523,2770524,1