Skill:,Crafting,,Total XP gained:,2842381
#1,Iron_flyn,6415625,7833230,1417605
#2,Iron_nimmi,7250875,7944665,693790
#3,Thedyolf,7094863,7591512,496649
#4,Confused_Seb,407046,482357,75311
#5,Temku,5757144,5828369,71225
#6,Master_beast,8938596,9000916,62320
#7,Rouqz,5562326,5576871,14545
#8,Getlowcelot3,4609784,4617209,7425
#9,LucyFur_iron,3266374,3267274,900
#10,Gat_Damn,297521,298241,720
#11,Druknr,11457012,11457612,600
#12,Iron_smorc,7457065,7457465,400
#13,Snatzkoning,3990899,3991157,258
#14,Tetsu_nurtaw,13160184,13160404,220
#15,L3opoldstoch,3350228,3350428,200
#16,The_Roots,3707319,3707488,169
#17,Iron_Island,738830,738874,44