Skill:,Barrows,,Total XP gained:,462
#1,Thedyolf,850,950,100
#2,Druknr,558,623,65
#3,Iron_nimmi,753,815,62
#4,Haaarp,758,800,42
#5,Putrid,165,200,35
#6,Boy_Jakeob,892,923,31
#7,Iron_flyn,306,331,25
#8,S0da_ash,350,375,25
#9,Conztant,1151,1175,24
#10,Iron_Island,62,85,23
#11,Iron_Tonkin,480,500,20
#12,Paganwayz,184,190,6
#13,IronSlainRev,325,328,3
#14,Master_beast,536,537,1