Skill:,Smithing,,Total XP gained:,5834703
#1,Iron_flyn,989897,2721818,1731921
#2,Iron_smorc,2119880,3167002,1047122
#3,Iron_Grumio,2045140,3000737,955597
#4,IronOdum,13595320,14365597,770277
#5,LuckyLucidQQ,1997532,2605578,608046
#6,Druknr,4769599,5347748,578149
#7,Thedyolf,4444219,4544857,100638
#8,S0da_ash,1386017,1405631,19614
#9,Ex_hcim_brad,1006891,1018016,11125
#10,HC_Kippster0,224621,231643,7022
#11,Saggy_bewbz,276623,278880,2257
#12,Iron_Island,396401,398234,1833
#13,Conztant,2674928,2675233,305
#14,Tetsu_nurtaw,847938,848123,185
#15,Tim_fe_rrell,1480198,1480373,175
#16,Hovis_loaf,1000001,1000151,150
#17,Ekats_UK,3989357,3989494,137
#18,Jesstice,237719,237819,100
#19,Dezq,5486840,5486890,50