Skill:,Hunter,,Total XP gained:,218361
#1,HC_Grumio,2337561,2479901,142340
#2,Getlowcelot3,953728,969700,15972
#3,236P,80925,96605,15680
#4,Onkie_donk,2677750,2687527,9777
#5,Desabled,4960434,4969554,9120
#6,P4y_D1rt,640738,648898,8160
#7,Thedyolf,3657537,3665577,8040
#8,Kusirusina,2724743,2729303,4560
#9,Virgin_Barry,654530,658610,4080
#10,Spets,3679420,3679756,336
#11,L3opoldstoch,2787922,2788162,240
#12,Tim_fe_rrell,162730,162759,29
#13,Sabin_08,1218416,1218443,27