Skill:,Barrows,,Total XP gained:,1065
#1,Thedyolf,850,1000,150
#2,Home_Workout,828,948,120
#3,Haaarp,758,858,100
#4,Iron_Island,62,156,94
#5,Boy_Jakeob,892,986,94
#6,Iron_Grumio,586,675,89
#7,Putrid,165,251,86
#8,Conztant,1151,1223,72
#9,Iron_nimmi,753,822,69
#10,Druknr,558,623,65
#11,S0da_ash,350,385,35
#12,Iron_Tonkin,480,512,32
#13,Iron_flyn,306,337,31
#14,IronSlainRev,325,346,21
#15,Paganwayz,184,190,6
#16,Master_beast,536,537,1