Skill:,Smithing,,Total XP gained:,12930720
#1,Iron_Grumio,2045140,5932780,3887640
#2,Iron_flyn,989897,3727387,2737490
#3,IronOdum,13595320,15535267,1939947
#4,Iron_smorc,2119880,3309142,1189262
#5,Druknr,4769599,5887036,1117437
#6,Temku,1745570,2674595,929025
#7,IronSlainRev,738905,1013763,274858
#8,Hovis_loaf,1000001,1211318,211317
#9,Tim_fe_rrell,1480198,1635686,155488
#10,Tetsu_nurtaw,847938,974646,126708
#11,Putrid,937172,1060277,123105
#12,Thedyolf,4444219,4547594,103375
#13,Ex_hcim_brad,1006891,1080158,73267
#14,HC_Kippster0,224621,249008,24387
#15,S0da_ash,1386017,1405656,19639
#16,Jesstice,237719,248834,11115
#17,Saggy_bewbz,276623,278880,2257
#18,Iron_Island,396401,398590,2189
#19,Ekats_UK,3989357,3990719,1362
#20,Conztant,2674928,2675283,355
#21,Lil_SadBoy,295421,295718,297
#22,Iron_Venema,5419938,5420038,100
#23,Dezq,5486840,5486890,50
#24,Iron_nimmi,4734245,4734295,50