Skill:,Slayer,,Total XP gained:,633258
#1,Rounder,2161412,2348318,186906
#2,Master_Beast,9236530,9315575,79045
#3,Outs,7145195,7202712,57517
#4,Mr_No_Lift,20484927,20533620,48693
#5,Lucky_Lucid,1903549,1950917,47368
#6,Sobrietity,954228,1000511,46283
#7,Juicy_Orphan,6167419,6211024,43605
#8,Grazyiron,1237656,1273142,35486
#9,236P,697048,727076,30028
#10,L3opoldstoch,412001,431889,19888
#11,Thedyolf,3482962,3493988,11026
#12,Goneau,18800,27728,8928
#13,Kusirusina,122097,130785,8688
#14,Imcairnsy,4125606,4132932,7326
#15,DAMNITrone,366539,368627,2088
#16,Druknr,7974352,7974735,383