Skill:,Fishing,,Total XP gained:,2207992
#1,Tim_fe_rrell,803869,1505840,701971
#2,Iron_flyn,2217410,2673413,456003
#3,Dihl,13464432,13898098,433666
#4,Iron_smorc,5533376,5804099,270723
#5,SlackyQQ,1180617,1336477,155860
#6,Conztant,3950674,4026689,76015
#7,BrandonsIron,23995,83050,59055
#8,Putrid,815105,860405,45300
#9,Spets,5914258,5919752,5494
#10,Druknr,3519066,3522816,3750
#11,Hovmeizter,9250747,9250852,105
#12,Rounder,17195525,17195575,50