Skill:,Slayer,,Total XP gained:,4999660
#1,Thedyolf,4970790,5760078,789288
#2,Grazyiron,3903698,4565203,661505
#3,Ironodum,17963407,18590750,627343
#4,Paganwayz,1660323,1986468,326145
#5,1iron_Reborn,16718353,17030716,312363
#6,Master_Beast,10080726,10353769,273043
#7,Rouqz,5119055,5354906,235851
#8,Swemf,1193852,1425886,232034
#9,The_Roots,1320725,1518989,198264
#10,Just_Haarp,5539133,5705982,166849
#11,Desabled,15727746,15862259,134513
#12,Mr_No_Lift,20562057,20677118,115061
#13,Solo_deejay,711605,817989,106384
#14,Ir0nman_J0sh,3740002,3844675,104673
#15,Lolland,4755643,4843962,88319
#16,Iron_Keagan,8653060,8735306,82246
#17,Getlowcelot3,3621536,3700051,78515
#18,Tim_fe_rrell,911960,972502,60542
#19,L3opoldstoch,1666652,1726731,60079
#20,236P,1450064,1509815,59751
#21,Kusirusina,272919,325324,52405
#22,Sabin_08,1376795,1424090,47295
#23,Rounder,4477708,4522836,45128
#24,Pug_Soup,1469379,1504941,35562
#25,Iron_Smorc,4152267,4187772,35505
#26,Spartin028,8173491,8189673,16182
#27,HC_Grumio,612909,628006,15097
#28,Mrh4mm3r,5551731,5566731,15000
#29,P4y_D1rt,107826,116083,8257
#30,Ex_hcim_brad,2560676,2567967,7291
#31,ThedUIM,25706,32426,6720
#32,Lucky_Lucid,2425288,2427738,2450