Skill:,Slayer,,Total XP gained:,407569
#1,Rounder,2161412,2311676,150264
#2,Mr_No_Lift,20484927,20533620,48693
#3,Juicy_Orphan,6167419,6211024,43605
#4,236P,697048,727076,30028
#5,Sobrietity,954228,982966,28738
#6,Lucky_Lucid,1903549,1929331,25782
#7,Master_Beast,9236530,9259947,23417
#8,Outs,7145195,7165737,20542
#9,L3opoldstoch,412001,431889,19888
#10,Grazyiron,1237656,1248184,10528
#11,Imcairnsy,4125606,4129602,3996
#12,DAMNITrone,366539,368627,2088