Skill:,Crafting,,Total XP gained:,674819
#1,Iron_flyn,6415625,6717903,302278
#2,Thedyolf,7094863,7389624,294761
#3,Iron_nimmi,7250875,7292120,41245
#4,Master_beast,8938596,8960916,22320
#5,Confused_Seb,407046,419779,12733
#6,Rouqz,5562326,5562859,533
#7,Druknr,11457012,11457412,400
#8,L3opoldstoch,3350228,3350428,200
#9,LucyFur_iron,3266374,3266554,180
#10,The_Roots,3707319,3707488,169