Skill:,Runecraft,,Total XP gained:,1057172
#1,Druknr,1119540,1476204,356664
#2,Constunt,392991,710650,317659
#3,Ex_hcim_brad,425931,560084,134153
#4,Octive,496770,600780,104010
#5,Sobrietity,258383,312239,53856
#6,Iron_flyn,616146,646086,29940
#7,S0da_ash,398744,412604,13860
#8,Thedyolf,1280461,1293443,12982
#9,Putrid,263714,274714,11000
#10,Temku,398185,407421,9236
#11,LucyFur_iron,253138,260038,6900
#12,Hovis_loaf,55654,59166,3512
#13,Iron_nimmi,614573,617973,3400