Skill:,Firemaking,,Total XP gained:,21777344
#1,Rounder,14301112,21082663,6781551
#2,Swemf,8490038,13051341,4561303
#3,Desabled,2693778,6535711,3841933
#4,Just_Haarp,595533,3283965,2688432
#5,Sobrietity,1985905,3617117,1631212
#6,Mr_No_Lift,4843225,5925866,1082641
#7,Outs,4545441,4820351,274910
#8,1iron_Reborn,8044332,8311514,267182
#9,Grazyiron,2635274,2868439,233165
#10,L3opoldstoch,13058477,13253245,194768
#11,236P,4119001,4255151,136150
#12,Lucky_Lucid,2010135,2086426,76291
#13,Hudson,2532590,2535965,3375
#14,Ironodum,15074471,15075801,1330
#15,Lamfear,2041304,2042594,1290
#16,Spartin028,843531,844733,1202
#17,ThedUIM,13273052,13273328,276
#18,Juicy_Orphan,1412426,1412629,203
#19,Pug_Soup,8745841,8745931,90
#20,Sabin_08,1476427,1476467,40