Skill:,Runecraft,,Total XP gained:,137745
#1,Whats_Da_Ge,8000483,8031414,30931
#2,Ex_hcim_brad,228797,255501,26704
#3,Thedyolf,1220726,1246075,25349
#4,Rounder,710523,733739,23216
#5,Sabin_08,940072,952961,12889
#6,HC_Grumio,150958,159478,8520
#7,The_Roots,129358,137638,8280
#8,Iron_Nimmi,561039,562364,1325
#9,Iron_Smorc,1477281,1477724,443
#10,Just_Haarp,993481,993569,88