Skill:,Barrows,,Total XP gained:,740
#1,Thedyolf,850,950,100
#2,Boy_Jakeob,892,981,89
#3,Iron_Island,62,144,82
#4,Iron_nimmi,753,820,67
#5,Druknr,558,623,65
#6,Iron_Grumio,586,648,62
#7,Putrid,165,220,55
#8,Haaarp,758,813,55
#9,Conztant,1151,1201,50
#10,S0da_ash,350,385,35
#11,Iron_Tonkin,480,511,31
#12,Iron_flyn,306,331,25
#13,IronSlainRev,325,342,17
#14,Paganwayz,184,190,6
#15,Master_beast,536,537,1