Skill:,Zulrah,,Total XP gained:,1192
#1,Desabled,1334,1692,358
#2,S0da_ash,131,366,235
#3,Iron_Venema,161,309,148
#4,Spets,465,580,115
#5,Druknr,1030,1126,96
#6,Constunt,284,375,91
#7,Outs,252,315,63
#8,Thedyolf,200,250,50
#9,Iron_nimmi,1269,1304,35
#10,Ex_hcim_brad,0,1,1