Skill:,Barrows,,Total XP gained:,859
#1,Thedyolf,450,725,275
#2,Taak-o,897,1076,179
#3,Lucky_lucid,50,170,120
#4,Iron_flyn,202,300,98
#5,Temku,305,379,74
#6,SlackyQQ,756,826,70
#7,Ex_hcim_brad,900,960,60
#8,Spets,568,600,32
#9,Sobrietity,290,319,29
#10,Iron_smorc,930,937,7