Skill:,Agility,,Total XP gained:,168741
#1,Thedyolf,4533142,4611092,77950
#2,Conztant,2465975,2517184,51209
#3,Confused_Seb,870385,889895,19510
#4,Lucky_Lucid,4122423,4135490,13067
#5,Gat_Damn,186240,193193,6953
#6,Druknr,2664447,2664462,15
#7,Iron_flyn,2396532,2396543,11
#8,Hovis_loaf,2449124,2449134,10
#9,Iron_Grumio,4150317,4150326,9
#10,Home_Workout,1010316,1010322,6
#11,Iron_smorc,2165207,2165208,1