Skill:,Hunter,,Total XP gained:,67071
#1,236P,80925,96605,15680
#2,Onkie_donk,2677750,2687527,9777
#3,Desabled,4960434,4969554,9120
#4,P4y_D1rt,640738,648898,8160
#5,Getlowcelot3,953728,961817,8089
#6,Thedyolf,3657537,3665577,8040
#7,Kusirusina,2724743,2729303,4560
#8,HC_Grumio,2337561,2340841,3280
#9,Spets,3679420,3679756,336
#10,Tim_fe_rrell,162730,162759,29