Skill:,Slayer,,Total XP gained:,527777
#1,Grazyiron,3903698,4016979,113281
#2,Rouqz,5119055,5207700,88645
#3,Paganwayz,1660323,1728082,67759
#4,Thedyolf,4970790,5020692,49902
#5,Ironodum,17963407,18009696,46289
#6,Ir0nman_J0sh,3740002,3783651,43649
#7,Master_Beast,10080726,10120326,39600
#8,236P,1450064,1485679,35615
#9,The_Roots,1320725,1338192,17467
#10,Lolland,4755643,4772473,16830
#11,Sabin_08,1376795,1384335,7540
#12,Solo_deejay,711605,712805,1200