Skill:,Barrows,,Total XP gained:,1377
#1,Iron_Island,62,334,272
#2,Thedyolf,850,1000,150
#3,Boy_Jakeob,892,1026,134
#4,Haaarp,758,858,100
#5,Lil_SadBoy,82,179,97
#6,Iron_nimmi,753,849,96
#7,Iron_Grumio,586,678,92
#8,Putrid,165,251,86
#9,Conztant,1151,1234,83
#10,IronSlainRev,325,400,75
#11,Druknr,558,623,65
#12,Iron_flyn,306,350,44
#13,S0da_ash,350,385,35
#14,Iron_Tonkin,480,515,35
#15,Paganwayz,184,190,6
#16,Lucky_Lucid,220,226,6
#17,Master_beast,536,537,1