Skill:,Crafting,,Total XP gained:,3106322
#1,Iron_flyn,6415625,8022760,1607135
#2,Iron_nimmi,7250875,7944665,693790
#3,Thedyolf,7094863,7591512,496649
#4,Confused_Seb,407046,483072,76026
#5,Master_beast,8938596,9011476,72880
#6,Temku,5757144,5828369,71225
#7,LucyFur_iron,3266374,3327649,61275
#8,Rouqz,5562326,5576871,14545
#9,Getlowcelot3,4609784,4617209,7425
#10,Tetsu_nurtaw,13160184,13161495,1311
#11,Ex_hcim_brad,2436329,2437439,1110
#12,Gat_Damn,297521,298601,1080
#13,Druknr,11457012,11457612,600
#14,Snatzkoning,3990899,3991357,458
#15,Iron_smorc,7457065,7457465,400
#16,L3opoldstoch,3350228,3350428,200
#17,The_Roots,3707319,3707488,169
#18,Iron_Island,738830,738874,44