Skill:,Mining,,Total XP gained:,3142691
#1,Iron_flyn,1464650,2224857,760207
#2,Desabled,3669088,4272628,603540
#3,Druknr,3648560,4206562,558002
#4,Master_beast,2780505,3335975,555470
#5,Lucky_lucid,1509862,1713855,203993
#6,Thedyolf,5516373,5660349,143976
#7,Getlowcelot3,1862376,1958421,96045
#8,Iron_Venema,3540502,3603466,62964
#9,Sobrietity,1446850,1498220,51370
#10,Rounder,1515746,1564645,48899
#11,Iron_nimmi,1315062,1362659,47597
#12,Ex_hcim_brad,1415322,1423568,8246
#13,Lil_SadBoy,467651,470011,2360
#14,LucyFur_iron,13107812,13107833,21
#15,IronSlainRev,822853,822854,1