Skill:,Barrows,,Total XP gained:,638
#1,Thedyolf,850,950,100
#2,Iron_nimmi,753,820,67
#3,Druknr,558,623,65
#4,Putrid,165,220,55
#5,Haaarp,758,813,55
#6,Iron_Grumio,586,640,54
#7,Boy_Jakeob,892,944,52
#8,Iron_Island,62,110,48
#9,Conztant,1151,1190,39
#10,S0da_ash,350,383,33
#11,Iron_Tonkin,480,508,28
#12,Iron_flyn,306,331,25
#13,IronSlainRev,325,335,10
#14,Paganwayz,184,190,6
#15,Master_beast,536,537,1