Skill:,Fishing,,Total XP gained:,1812269
#1,Tim_fe_rrell,803869,1449174,645305
#2,Iron_flyn,2217410,2651295,433885
#3,Iron_smorc,5533376,5800655,267279
#4,SlackyQQ,1180617,1336477,155860
#5,Dihl,13464432,13609738,145306
#6,Conztant,3950674,4026689,76015
#7,Putrid,815105,860405,45300
#8,BrandonsIron,23995,57915,33920
#9,Spets,5914258,5919752,5494
#10,Druknr,3519066,3522816,3750
#11,Hovmeizter,9250747,9250852,105
#12,Rounder,17195525,17195575,50