Skill:,Barrows,,Total XP gained:,824
#1,Thedyolf,850,975,125
#2,Boy_Jakeob,892,981,89
#3,Iron_Grumio,586,674,88
#4,Iron_Island,62,144,82
#5,Putrid,165,235,70
#6,Iron_nimmi,753,822,69
#7,Druknr,558,623,65
#8,Conztant,1151,1212,61
#9,Haaarp,758,818,60
#10,S0da_ash,350,385,35
#11,Iron_Tonkin,480,511,31
#12,Iron_flyn,306,331,25
#13,IronSlainRev,325,342,17
#14,Paganwayz,184,190,6
#15,Master_beast,536,537,1