Skill:,Mining,,Total XP gained:,892125
#1,Iron_flyn,1464650,1726583,261933
#2,Druknr,3648560,3768711,120151
#3,Thedyolf,5516373,5631783,115410
#4,Lucky_lucid,1509862,1610868,101006
#5,Desabled,3669088,3754825,85737
#6,Iron_Venema,3540502,3603466,62964
#7,Sobrietity,1446850,1498220,51370
#8,Iron_nimmi,1315062,1362659,47597
#9,Master_beast,2780505,2818215,37710
#10,Ex_hcim_brad,1415322,1423568,8246
#11,LucyFur_iron,13107812,13107813,1