Skill:,Barrows,,Total XP gained:,840
#1,Thedyolf,850,975,125
#2,Boy_Jakeob,892,981,89
#3,Iron_Grumio,586,674,88
#4,Iron_Island,62,144,82
#5,Putrid,165,235,70
#6,Haaarp,758,828,70
#7,Iron_nimmi,753,822,69
#8,Druknr,558,623,65
#9,Conztant,1151,1212,61
#10,S0da_ash,350,385,35
#11,Iron_flyn,306,337,31
#12,Iron_Tonkin,480,511,31
#13,IronSlainRev,325,342,17
#14,Paganwayz,184,190,6
#15,Master_beast,536,537,1