Skill:,Firemaking,,Total XP gained:,3851436
#1,Dihl,13456906,14789642,1332736
#2,Iron_flyn,8113225,9147853,1034628
#3,Salty_Seb,273547,1132069,858522
#4,Ex_hcim_brad,16499820,17081416,581596
#5,Iron_Venema,6399401,6439476,40075
#6,SlackyQQ,3159214,3162407,3193
#7,Home_Workout,515575,515966,391
#8,Lucky_Lucid,2091654,2091759,105
#9,Rouqz,4583653,4583753,100
#10,Octive,5362906,5362996,90