Skill:,Fishing,,Total XP gained:,3910699
#1,Rounder,14382143,15616030,1233887
#2,ThedUIM,3679943,4584157,904214
#3,VomitValcano,1835443,2505055,669612
#4,Dihl,12481749,12881225,399476
#5,Spets,3739113,3946273,207160
#6,Slique,4077355,4194615,117260
#7,Druknr,2616206,2715956,99750
#8,Tetsu_Nurtaw,4575780,4672960,97180
#9,Swemf,1815762,1896412,80650
#10,Perpetuitate,3197730,3271770,74040
#11,L3opoldstoch,3384472,3411012,26540
#12,Just_Haarp,902294,903214,920
#13,Pug_Soup,258028,258038,10