Skill:,Hunter,,Total XP gained:,1610150
#1,Iron_flyn,5585692,6353620,767928
#2,Thedyolf,6102493,6423893,321400
#3,Wolowizzle,2741888,3034878,292990
#4,Home_Workout,1945593,2144418,198825
#5,Iron_smorc,3120161,3133863,13702
#6,Iron_Tonkin,3921621,3927633,6012
#7,Rounder,5907495,5912055,4560
#8,Putrid,1026398,1030934,4536
#9,Spets,3813619,3813719,100
#10,Hovmeizter,15364120,15364185,65
#11,HC_Kippster0,535072,535104,32