Skill:,Hunter,,Total XP gained:,632967
#1,Iron_flyn,5585692,6096445,510753
#2,Home_Workout,1945593,2031198,85605
#3,Thedyolf,6102493,6125293,22800
#4,Iron_smorc,3120161,3124721,4560
#5,Rounder,5907495,5912055,4560
#6,Wolowizzle,2741888,2746448,4560
#7,Spets,3813619,3813655,36
#8,HC_Kippster0,535072,535104,32
#9,Iron_Tonkin,3921621,3921653,32
#10,Putrid,1026398,1026427,29