Skill:,Crafting,,Total XP gained:,2327820
#1,Iron_flyn,6415625,7517450,1101825
#2,Iron_nimmi,7250875,7944665,693790
#3,Thedyolf,7094863,7503639,408776
#4,Confused_Seb,407046,482357,75311
#5,Master_beast,8938596,8984692,46096
#6,LucyFur_iron,3266374,3266914,540
#7,Rouqz,5562326,5562859,533
#8,Druknr,11457012,11457412,400
#9,L3opoldstoch,3350228,3350428,200
#10,Gat_Damn,297521,297701,180
#11,The_Roots,3707319,3707488,169