Skill:,Hunter,,Total XP gained:,1119895
#1,Rounder,4953128,5346833,393705
#2,HC_Grumio,2337561,2682996,345435
#3,Getlowcelot3,953728,1023857,70129
#4,Ex_hcim_brad,2697436,2762416,64980
#5,Ironodum,19460311,19503511,43200
#6,P4y_D1rt,640738,673463,32725
#7,Thedyolf,3657537,3689529,31992
#8,236P,80925,109747,28822
#9,Kusirusina,2724743,2747543,22800
#10,Onkie_donk,2677750,2695687,17937
#11,Swemf,962732,975192,12460
#12,L3opoldstoch,2787922,2800165,12243
#13,Desabled,4960434,4969583,9149
#14,Rouqz,3885037,3894157,9120
#15,Virgin_Barry,654530,662690,8160
#16,Tim_fe_rrell,162730,169319,6589
#17,Spets,3679420,3684532,5112
#18,Ir0nman_J0sh,1697928,1702488,4560
#19,1iron_Reborn,8747619,8748060,441
#20,Iron_Mikx,740300,740418,118
#21,Iron_Smorc,861757,861835,78
#22,Pug_Soup,354787,354836,49
#23,Mrh4mm3r,760713,760745,32
#24,Solo_deejay,807092,807124,32
#25,Sabin_08,1218416,1218443,27