Skill:,Firemaking,,Total XP gained:,3526587
#1,Rounder,14301112,15392108,1090996
#2,Just_Haarp,595533,1460855,865322
#3,Sobrietity,1985905,2774892,788987
#4,Swemf,8490038,8775027,284989
#5,Outs,4545441,4820351,274910
#6,236P,4119001,4249151,130150
#7,L3opoldstoch,13058477,13107477,49000
#8,Lucky_Lucid,2010135,2050892,40757
#9,Ironodum,15074471,15075801,1330
#10,ThedUIM,13273052,13273198,146