Skill:,Slayer,,Total XP gained:,-22987116
#1,Rounder,2161412,2311676,150264
#2,Mr_No_Lift,20484927,20533620,48693
#3,Lucky_Lucid,1903549,1950917,47368
#4,Juicy_Orphan,6167419,6211024,43605
#5,Sobrietity,954228,995511,41283
#6,Outs,7145195,7182312,37117
#7,236P,697048,727076,30028
#8,Grazyiron,1237656,1257719,20063
#9,L3opoldstoch,412001,431889,19888
#10,Imcairnsy,4125606,4132932,7326
#11,Kusirusina,122097,128725,6628
#12,Goneau,18800,21100,2300
#13,DAMNITrone,366539,368627,2088