Skill:,Firemaking,,Total XP gained:,5500632
#1,Iron_flyn,8113225,10795668,2682443
#2,Dihl,13456906,14789642,1332736
#3,Salty_Seb,273547,1132069,858522
#4,Ex_hcim_brad,16499820,17081416,581596
#5,Iron_Venema,6399401,6439476,40075
#6,SlackyQQ,3159214,3162407,3193
#7,Druknr,3981315,3981991,676
#8,Home_Workout,515575,516110,535
#9,Thedyolf,3990778,3991219,441
#10,Ekats_UK,13035843,13035963,120
#11,Lucky_Lucid,2091654,2091759,105
#12,Rouqz,4583653,4583753,100
#13,Octive,5362906,5362996,90