Skill:,Fishing,,Total XP gained:,2687512
#1,Rounder,14382143,15366225,984082
#2,VomitValcano,1835443,2468827,633384
#3,ThedUIM,3679943,4227443,547500
#4,Dihl,12481749,12677646,195897
#5,Spets,3739113,3868873,129760
#6,Slique,4077355,4156184,78829
#7,Swemf,1815762,1876822,61060
#8,Perpetuitate,3197730,3253800,56070
#9,Just_Haarp,902294,903214,920
#10,Pug_Soup,258028,258038,10