Skill:,Agility,,Total XP gained:,6608694
#1,Iron_flyn,2396532,4046989,1650457
#2,Iron_Grumio,4150317,5562462,1412145
#3,Thedyolf,4533142,5651943,1118801
#4,Druknr,2664447,3672978,1008531
#5,Conztant,2465975,2784766,318791
#6,Lucky_Lucid,4122423,4399360,276937
#7,Iron_Tonkin,1237961,1475761,237800
#8,Dihl,2311433,2538473,227040
#9,Iron_Venema,5772235,5990820,218585
#10,HC_Kippster0,303719,335425,31706
#11,Paganwayz,874339,899664,25325
#12,Confused_Seb,870385,892181,21796
#13,Iron_nimmi,1796819,1815076,18257
#14,Gat_Damn,186240,204215,17975
#15,Ex_hcim_brad,1097109,1113550,16441
#16,Putrid,1218323,1224146,5823
#17,Iron_smorc,2165207,2166414,1207
#18,Home_Workout,1010316,1010911,595
#19,Dezq,5906979,5907282,303
#20,Master_beast,13000474,13000522,48
#21,Ekats_UK,3671018,3671054,36
#22,Lil_SadBoy,1433639,1433670,31
#23,LucyFur_iron,1036831,1036861,30
#24,Saggy_bewbz,785059,785081,22
#25,Hovis_loaf,2449124,2449134,10
#26,Tim_fe_rrell,1488482,1488483,1
#27,Crulious,1382832,1382833,1