Skill:,Barrows,,Total XP gained:,247
#1,Thedyolf,850,900,50
#2,Druknr,558,594,36
#3,Putrid,165,200,35
#4,Haaarp,758,785,27
#5,Iron_flyn,306,331,25
#6,Iron_Island,62,85,23
#7,Conztant,1151,1167,16
#8,Iron_Tonkin,480,494,14
#9,Iron_nimmi,753,762,9
#10,S0da_ash,350,357,7
#11,Paganwayz,184,189,5