Skill:,Hunter,,Total XP gained:,1565069
#1,Tetsu_nurtaw,3602974,4397974,795000
#2,Iron_flyn,3732497,4444853,712356
#3,Hovis_loaf,9074965,9106415,31450
#4,Saggy_bewbz,1372845,1381005,8160
#5,Temku,1040070,1048230,8160
#6,Master_beast,5468273,5473113,4840
#7,Getlowcelot3,1309598,1314158,4560
#8,Dezq,10148077,10148377,300
#9,Tim_fe_rrell,786389,786486,97
#10,HC_Kippster0,456950,457011,61
#11,IronSlainRev,1998657,1998706,49
#12,Iron_nimmi,1694582,1694618,36