Skill:,Hunter,,Total XP gained:,1593225
#1,Tetsu_nurtaw,3602974,4398274,795300
#2,Iron_flyn,3732497,4449413,716916
#3,Hovis_loaf,9074965,9117521,42556
#4,Iron_nimmi,1694582,1706808,12226
#5,Saggy_bewbz,1372845,1381005,8160
#6,Temku,1040070,1048230,8160
#7,Master_beast,5468273,5473113,4840
#8,Getlowcelot3,1309598,1314158,4560
#9,Dezq,10148077,10148377,300
#10,Tim_fe_rrell,786389,786486,97
#11,HC_Kippster0,456950,457011,61
#12,IronSlainRev,1998657,1998706,49