Skill:,Runecraft,,Total XP gained:,543626
#1,Desabled,1695604,1878997,183393
#2,Druknr,394078,563202,169124
#3,ThedUIM,335760,409096,73336
#4,Getlowcelot3,567770,620600,52830
#5,Grazyiron,368864,396620,27756
#6,Lucky_Lucid,196135,210172,14037
#7,Rounder,550715,561803,11088
#8,Kusirusina,62033,70913,8880
#9,Mr_No_Lift,3610475,3612975,2500
#10,Iron_Nimmi,486845,487495,650
#11,Just_Haarp,990329,990361,32