Skill:,Barrows,,Total XP gained:,549
#1,Thedyolf,850,950,100
#2,Iron_nimmi,753,820,67
#3,Druknr,558,623,65
#4,Putrid,165,220,55
#5,Haaarp,758,813,55
#6,Boy_Jakeob,892,944,52
#7,Iron_Island,62,102,40
#8,S0da_ash,350,383,33
#9,Iron_flyn,306,331,25
#10,Conztant,1151,1175,24
#11,Iron_Tonkin,480,503,23
#12,Paganwayz,184,190,6
#13,IronSlainRev,325,328,3
#14,Master_beast,536,537,1