Skill:,Hunter,,Total XP gained:,688183
#1,Tetsu_nurtaw,3602974,3973974,371000
#2,Iron_flyn,3732497,4018481,285984
#3,Hovis_loaf,9074965,9084085,9120
#4,Temku,1040070,1048230,8160
#5,Master_beast,5468273,5473113,4840
#6,Getlowcelot3,1309598,1314158,4560
#7,Saggy_bewbz,1372845,1376925,4080
#8,Dezq,10148077,10148377,300
#9,HC_Kippster0,456950,457011,61
#10,IronSlainRev,1998657,1998706,49
#11,Tim_fe_rrell,786389,786418,29