Skill:,Slayer,,Total XP gained:,2691271
#1,Iron_nimmi,11873646,12281845,408199
#2,Tetsu_nurtaw,1342169,1701348,359179
#3,SlackyQQ,4465162,4816616,351454
#4,Thedyolf,8842803,9127416,284613
#5,Druknr,13875551,14050257,174706
#6,HC_Grumio,3147710,3318132,170422
#7,S0da_ash,4924501,5094548,170047
#8,Iron_smorc,6261022,6400727,139705
#9,Lil_SadBoy,1306530,1420254,113724
#10,Lucky_lucid,5343266,5425589,82323
#11,Temku,6073788,6146795,73007
#12,Getlowcelot3,5939841,6010001,70160
#13,Ex_hcim_brad,4497132,4552007,54875
#14,Iron_flyn,3449173,3500963,51790
#15,Master_beast,11519693,11566703,47010
#16,Tim_fe_rrell,4286243,4332643,46400
#17,TwigQQ,7958947,8000347,41400
#18,Shuryo_Tora,5045730,5081822,36092
#19,HC_Kippster0,79628,90921,11293
#20,Octive,7802870,7807742,4872