Skill:,Fishing,,Total XP gained:,5791054
#1,Dihl,13464432,15367537,1903105
#2,Iron_flyn,2217410,4023632,1806222
#3,Tim_fe_rrell,803869,1505840,701971
#4,Iron_smorc,5533376,5994626,461250
#5,BrandonsIron,23995,384771,360776
#6,SlackyQQ,1180617,1336477,155860
#7,S0da_ash,2845923,2924795,78872
#8,Conztant,3950674,4026689,76015
#9,Master_beast,15415050,15472614,57564
#10,Putrid,815105,864459,49354
#11,Spets,5914258,5955837,41579
#12,Iron_nimmi,4224441,4259919,35478
#13,Shuryo_Tora,2978179,3012019,33840
#14,Temku,4111344,4132969,21625
#15,Druknr,3519066,3525559,6493
#16,Iron_Grumio,5786526,5787261,735
#17,Thedyolf,7556906,7557066,160
#18,Hovmeizter,9250747,9250852,105
#19,Rounder,17195525,17195575,50