Skill:,Runecraft,,Total XP gained:,126216
#1,Thedyolf,1220726,1246075,25349
#2,Whats_Da_Ge,8000483,8025293,24810
#3,Rounder,710523,733739,23216
#4,Ex_hcim_brad,228797,250093,21296
#5,Sabin_08,940072,952961,12889
#6,HC_Grumio,150958,159478,8520
#7,The_Roots,129358,137638,8280
#8,Iron_Nimmi,561039,562364,1325
#9,Iron_Smorc,1477281,1477724,443
#10,Just_Haarp,993481,993569,88