Skill:,Fishing,,Total XP gained:,2523232
#1,Rounder,14382143,15366225,984082
#2,VomitValcano,1835443,2367653,532210
#3,ThedUIM,3679943,4168077,488134
#4,Dihl,12481749,12673906,192157
#5,Spets,3739113,3868873,129760
#6,Slique,4077355,4156184,78829
#7,Swemf,1815762,1876822,61060
#8,Perpetuitate,3197730,3253800,56070
#9,Just_Haarp,902294,903214,920
#10,Pug_Soup,258028,258038,10