Skill:,Agility,,Total XP gained:,74971
#1,Thedyolf,2712548,2742115,29567
#2,Iron_nimmi,1482171,1505593,23422
#3,Lil_SadBoy,1406409,1427525,21116
#4,Hovmeizter,6559380,6560131,751
#5,Octive,1497028,1497060,32
#6,Tim_fe_rrell,1052287,1052314,27
#7,Dezq,5443171,5443187,16
#8,Rounder,3642602,3642618,16
#9,L3opoldstoch,631855,631867,12
#10,HC_Grumio,2219845,2219854,9
#11,Druknr,2248655,2248658,3