Skill:,Hunter,,Total XP gained:,1104415
#1,Ironodum,13716707,14152037,435330
#2,Thedyolf,3002088,3308834,306746
#3,Rags_Dream,852526,975486,122960
#4,The_Roots,675123,795471,120348
#5,Zillya,4314999,4379999,65000
#6,Just_Haarp,2404597,2448852,44255
#7,Jhb,5226706,5231506,4800
#8,Aviron_nz,2778389,2782949,4560
#9,Larry_0g,3475482,3475876,394
#10,P4y_D1rt,17340,17362,22