Skill:,Fishing,,Total XP gained:,3461255
#1,Rounder,14382143,15570186,1188043
#2,ThedUIM,3679943,4434499,754556
#3,VomitValcano,1835443,2498536,663093
#4,Dihl,12481749,12718172,236423
#5,Spets,3739113,3946273,207160
#6,Slique,4077355,4194615,117260
#7,Tetsu_Nurtaw,4575780,4672960,97180
#8,Swemf,1815762,1896412,80650
#9,Perpetuitate,3197730,3271770,74040
#10,L3opoldstoch,3384472,3411012,26540
#11,Druknr,2616206,2631586,15380
#12,Just_Haarp,902294,903214,920
#13,Pug_Soup,258028,258038,10