Skill:,Agility,,Total XP gained:,213563
#1,Thedyolf,4533142,4643622,110480
#2,Conztant,2465975,2527554,61579
#3,Confused_Seb,870385,889895,19510
#4,Lucky_Lucid,4122423,4135490,13067
#5,Gat_Damn,186240,195105,8865
#6,Druknr,2664447,2664462,15
#7,Iron_flyn,2396532,2396543,11
#8,Hovis_loaf,2449124,2449134,10
#9,Ekats_UK,3671018,3671027,9
#10,Iron_Grumio,4150317,4150326,9
#11,Home_Workout,1010316,1010322,6
#12,Iron_smorc,2165207,2165209,2