Skill:,Agility,,Total XP gained:,9143221
#1,Iron_flyn,2396532,4896557,2500025
#2,Iron_Grumio,4150317,6121543,1971226
#3,Druknr,2664447,4467352,1802905
#4,Thedyolf,4533142,5653294,1120152
#5,Conztant,2465975,2945539,479564
#6,Lucky_Lucid,4122423,4399457,277034
#7,Iron_Tonkin,1237961,1475762,237801
#8,Dihl,2311433,2538473,227040
#9,Iron_Venema,5772235,5990820,218585
#10,Ex_hcim_brad,1097109,1256443,159334
#11,HC_Kippster0,303719,335425,31706
#12,Iron_nimmi,1796819,1827644,30825
#13,Paganwayz,874339,899664,25325
#14,Gat_Damn,186240,210072,23832
#15,Confused_Seb,870385,892181,21796
#16,Saggy_bewbz,785059,792894,7835
#17,Putrid,1218323,1224163,5840
#18,Iron_smorc,2165207,2166415,1208
#19,Home_Workout,1010316,1010914,598
#20,Dezq,5906979,5907357,378
#21,Ekats_UK,3671018,3671072,54
#22,Master_beast,13000474,13000522,48
#23,Lil_SadBoy,1433639,1433670,31
#24,LucyFur_iron,1036831,1036861,30
#25,Octive,1498616,1498638,22
#26,Crulious,1382832,1382843,11
#27,Hovis_loaf,2449124,2449134,10
#28,SlackyQQ,2434983,2434988,5
#29,Tim_fe_rrell,1488482,1488483,1