Skill:,Mining,,Total XP gained:,1128114
#1,Iron_flyn,1464650,1806697,342047
#2,Master_beast,2780505,2924435,143930
#3,Thedyolf,5516373,5644775,128402
#4,Desabled,3669088,3791468,122380
#5,Druknr,3648560,3768731,120171
#6,Lucky_lucid,1509862,1610868,101006
#7,Iron_Venema,3540502,3603466,62964
#8,Sobrietity,1446850,1498220,51370
#9,Iron_nimmi,1315062,1362659,47597
#10,Ex_hcim_brad,1415322,1423568,8246
#11,LucyFur_iron,13107812,13107813,1