Skill:,Slayer,,Total XP gained:,1024554
#1,Grazyiron,3903698,4123320,219622
#2,Rouqz,5119055,5258372,139317
#3,Paganwayz,1660323,1762077,101754
#4,Master_Beast,10080726,10182366,101640
#5,Desabled,15727746,15817671,89925
#6,The_Roots,1320725,1403853,83128
#7,Thedyolf,4970790,5038632,67842
#8,Ironodum,17963407,18016719,53312
#9,Ir0nman_J0sh,3740002,3790512,50510
#10,Lolland,4755643,4796798,41155
#11,236P,1450064,1485679,35615
#12,1iron_Reborn,16718353,16735897,17544
#13,Kusirusina,272919,287369,14450
#14,Sabin_08,1376795,1384335,7540
#15,Solo_deejay,711605,712805,1200