Skill:,Hunter,,Total XP gained:,210238
#1,HC_Grumio,2337561,2479901,142340
#2,236P,80925,96605,15680
#3,Onkie_donk,2677750,2687527,9777
#4,Desabled,4960434,4969554,9120
#5,P4y_D1rt,640738,648898,8160
#6,Getlowcelot3,953728,961817,8089
#7,Thedyolf,3657537,3665577,8040
#8,Kusirusina,2724743,2729303,4560
#9,Virgin_Barry,654530,658610,4080
#10,Spets,3679420,3679756,336
#11,Tim_fe_rrell,162730,162759,29
#12,Sabin_08,1218416,1218443,27