Skill:,Runecraft,,Total XP gained:,589634
#1,Druknr,1119540,1335762,216222
#2,Constunt,392991,530997,138006
#3,Ex_hcim_brad,425931,511496,85565
#4,Octive,496770,572081,75311
#5,Iron_flyn,616146,646086,29940
#6,S0da_ash,398744,412604,13860
#7,Thedyolf,1280461,1293443,12982
#8,Temku,398185,407421,9236
#9,Putrid,263714,268714,5000
#10,Hovis_loaf,55654,59166,3512