Skill:,Fishing,,Total XP gained:,1790607
#1,Tim_fe_rrell,803869,1447075,643206
#2,Iron_flyn,2217410,2648220,430810
#3,Iron_smorc,5533376,5791307,257931
#4,SlackyQQ,1180617,1336477,155860
#5,Dihl,13464432,13609738,145306
#6,Conztant,3950674,4026689,76015
#7,Putrid,815105,860405,45300
#8,BrandonsIron,23995,50775,26780
#9,Spets,5914258,5919752,5494
#10,Druknr,3519066,3522816,3750
#11,Hovmeizter,9250747,9250852,105
#12,Rounder,17195525,17195575,50