Skill:,Slayer,,Total XP gained:,381713
#1,Rouqz,5119055,5194995,75940
#2,Paganwayz,1660323,1722862,62539
#3,Grazyiron,3903698,3961617,57919
#4,Ironodum,17963407,18009696,46289
#5,Thedyolf,4970790,5011032,40242
#6,Master_Beast,10080726,10120326,39600
#7,Ir0nman_J0sh,3740002,3763476,23474
#8,Lolland,4755643,4772473,16830
#9,The_Roots,1320725,1332065,11340
#10,Sabin_08,1376795,1384335,7540