Skill:,Smithing,,Total XP gained:,3247547
#1,Iron_flyn,989897,2650703,1660806
#2,Druknr,4769599,5347748,578149
#3,Iron_Grumio,2045140,2532705,487565
#4,IronOdum,13595320,13895877,300557
#5,LuckyLucidQQ,1997532,2115110,117578
#6,Thedyolf,4444219,4544857,100638
#7,Iron_Island,396401,398196,1795
#8,Hovis_loaf,1000001,1000151,150
#9,Ekats_UK,3989357,3989494,137
#10,Jesstice,237719,237819,100
#11,Dezq,5486840,5486890,50
#12,HC_Kippster0,224621,224643,22