Skill:,Runecraft,,Total XP gained:,-99345
#1,Ex_hcim_brad,228797,285557,56760
#2,Whats_Da_Ge,8000483,8056160,55677
#3,Thedyolf,1220726,1246075,25349
#4,Rounder,710523,733739,23216
#5,Sabin_08,940072,952961,12889
#6,Juicy_Orphan,310654,319474,8820
#7,HC_Grumio,150958,159478,8520
#8,The_Roots,129358,137638,8280
#9,Iron_Nimmi,561039,562364,1325
#10,Iron_Smorc,1477281,1477724,443
#11,Just_Haarp,993481,993569,88