Skill:,Agility,,Total XP gained:,540776
#1,Iron_Grumio,4150317,4464450,314133
#2,Thedyolf,4533142,4656632,123490
#3,Conztant,2465975,2527554,61579
#4,Confused_Seb,870385,889895,19510
#5,Lucky_Lucid,4122423,4135533,13110
#6,Gat_Damn,186240,195105,8865
#7,LucyFur_iron,1036831,1036851,20
#8,Dezq,5906979,5906995,16
#9,Druknr,2664447,2664462,15
#10,Iron_flyn,2396532,2396543,11
#11,Hovis_loaf,2449124,2449134,10
#12,Ekats_UK,3671018,3671027,9
#13,Home_Workout,1010316,1010322,6
#14,Iron_smorc,2165207,2165209,2