Skill:,Slayer,,Total XP gained:,1598982
#1,Grazyiron,3903698,4273514,369816
#2,Thedyolf,4970790,5167236,196446
#3,Rouqz,5119055,5293810,174755
#4,Paganwayz,1660323,1800516,140193
#5,Master_Beast,10080726,10199526,118800
#6,The_Roots,1320725,1438247,117522
#7,Desabled,15727746,15817671,89925
#8,Ironodum,17963407,18050255,86848
#9,1iron_Reborn,16718353,16795298,76945
#10,Ir0nman_J0sh,3740002,3797605,57603
#11,Lolland,4755643,4810148,54505
#12,Rounder,4477708,4522836,45128
#13,236P,1450064,1485679,35615
#14,Kusirusina,272919,287369,14450
#15,Sabin_08,1376795,1384335,7540
#16,Ex_hcim_brad,2560676,2567967,7291
#17,Pug_Soup,1469379,1473779,4400
#18,Solo_deejay,711605,712805,1200