Skill:,Barrows,,Total XP gained:,869
#1,Thedyolf,450,731,281
#2,Taak-o,897,1076,179
#3,Lucky_lucid,50,170,120
#4,Iron_flyn,202,300,98
#5,Temku,305,379,74
#6,SlackyQQ,756,828,72
#7,Ex_hcim_brad,900,960,60
#8,Spets,568,600,32
#9,Sobrietity,290,321,31
#10,Iron_smorc,930,937,7