Skill:,Slayer,,Total XP gained:,-368212
#1,Iron_nimmi,11873646,12612645,738999
#2,SlackyQQ,4465162,5016766,551604
#3,Thedyolf,8842803,9328195,485392
#4,Tetsu_nurtaw,1342169,1823314,481145
#5,Druknr,13875551,14302664,427113
#6,Iron_smorc,6261022,6678622,417600
#7,HC_Grumio,3147710,3469308,321598
#8,S0da_ash,4924501,5190330,265829
#9,TwigQQ,7958947,8165101,206154
#10,Tim_fe_rrell,4286243,4464613,178370
#11,Iron_flyn,3449173,3626579,177406
#12,Octive,7802870,7969127,166257
#13,Lil_SadBoy,1306530,1452468,145938
#14,Temku,6073788,6173345,99557
#15,Getlowcelot3,5939841,6038521,98680
#16,Ex_hcim_brad,4497132,4554047,56915
#17,Master_beast,11519693,11566703,47010
#18,Shuryo_Tora,5045730,5081822,36092
#19,HC_Kippster0,79628,107544,27916
#20,Jesstice,3997889,4020844,22955
#21,Dezq,17289694,17311706,22012
#22,Iron_Venema,8883312,8883824,512