Skill:,Hunter,,Total XP gained:,1228818
#1,Iron_flyn,5585692,6334180,748488
#2,Wolowizzle,2741888,3013093,271205
#3,Home_Workout,1945593,2103708,158115
#4,Thedyolf,6102493,6139693,37200
#5,Iron_smorc,3120161,3124721,4560
#6,Rounder,5907495,5912055,4560
#7,Putrid,1026398,1030934,4536
#8,Iron_Tonkin,3921621,3921707,86
#9,Spets,3813619,3813655,36
#10,HC_Kippster0,535072,535104,32