Skill:,Firemaking,,Total XP gained:,4514633
#1,Rounder,14301112,15915886,1614774
#2,Sobrietity,1985905,2917489,931584
#3,Just_Haarp,595533,1460855,865322
#4,Mr_No_Lift,4843225,5164896,321671
#5,Swemf,8490038,8775027,284989
#6,Outs,4545441,4820351,274910
#7,236P,4119001,4249151,130150
#8,L3opoldstoch,13058477,13107477,49000
#9,Lucky_Lucid,2010135,2050892,40757
#10,Ironodum,15074471,15075801,1330
#11,ThedUIM,13273052,13273198,146