Skill:,Agility,,Total XP gained:,1189797
#1,Sobrietity,738752,1379249,640497
#2,Druknr,1046549,1258571,212022
#3,Dihl,1389232,1582875,193643
#4,Getlowcelot3,938383,1103725,165342
#5,Thedyolf,2285582,2434678,149096
#6,L3opoldstoch,220823,334266,113443
#7,Iron_Smorc,1097084,1173802,76718
#8,236P,914752,969503,54751
#9,Pug_Soup,518345,557355,39010
#10,Slique,1101577,1131787,30210
#11,Lucky_Lucid,865984,895725,29741
#12,Solo_deejay,267311,284170,16859
#13,The_Roots,1148261,1159691,11430
#14,Boy_Jakeob,1002688,1011357,8669
#15,DAMNITrone,227357,235367,8010
#16,Des_W,3495020,3496739,1719
#17,Sabin_08,1514966,1515706,740
#18,Iron_Puritan,815321,815846,525
#19,Ironodum,13037061,13037134,73
#20,Mrh4mm3r,1336758,1336790,32
#21,Larry_0g,2501384,2501402,18
#22,Kyopeli,452686,452698,12
#23,Fe_Boney_B,960728,960736,8
#24,Mr_No_Lift,3643476,3643479,3