Skill:,Runecraft,,Total XP gained:,296527
#1,Ex_hcim_brad,425931,511496,85565
#2,Octive,496770,560313,63543
#3,Constunt,392991,456420,63429
#4,Druknr,1119540,1150213,30673
#5,Iron_flyn,616146,633744,17598
#6,S0da_ash,398744,412604,13860
#7,Thedyolf,1280461,1293443,12982
#8,Putrid,263714,268714,5000
#9,Hovis_loaf,55654,59166,3512
#10,Temku,398185,398550,365