Skill:,Thieving,,Total XP gained:,1080663
#1,Dezq,4420772,5356823,936051
#2,Octive,832107,906767,74660
#3,Name_Snlped,1765928,1798974,33046
#4,Master_beast,8302971,8312611,9640
#5,Tim_fe_rrell,6313425,6321576,8151
#6,HC_Kippster0,51028,58421,7393
#7,Druknr,6960449,6964449,4000
#8,Thedyolf,3263631,3267231,3600
#9,Iron_nimmi,1318021,1319621,1600
#10,Shuryo_Tora,1015745,1016945,1200
#11,Hovmeizter,14168813,14169493,680
#12,S0da_ash,1035034,1035634,600
#13,L3opoldstoch,309738,309780,42