Skill:,Agility,,Total XP gained:,401140
#1,Sobrietity,738752,981314,242562
#2,Dihl,1389232,1476002,86770
#3,236P,914752,969467,54715
#4,Solo_deejay,267311,276958,9647
#5,Thedyolf,2285582,2290763,5181
#6,Des_W,3495020,3496728,1708
#7,Iron_Puritan,815321,815646,325
#8,Pug_Soup,518345,518465,120
#9,Getlowcelot3,938383,938418,35
#10,Iron_Smorc,1097084,1097108,24
#11,Sabin_08,1514966,1514983,17
#12,Mrh4mm3r,1336758,1336774,16
#13,Kyopeli,452686,452698,12
#14,Fe_Boney_B,960728,960736,8