Skill:,Mining,,Total XP gained:,1039511
#1,Druknr,1135547,1482857,347310
#2,grazyiron,3995004,4179022,184018
#3,Iron_Nimmi,793285,950870,157585
#4,Dihl,1265834,1410067,144233
#5,The_Roots,1103067,1166642,63575
#6,Des_W,2783619,2834449,50830
#7,Aviron_nz,2423461,2455076,31615
#8,Karc,2916410,2941184,24774
#9,236P,6961,27657,20696
#10,Larry_0g,1562589,1575933,13344
#11,Whats_A_Ge,1223835,1224665,830
#12,Jhb,3284161,3284557,396
#13,Solo_deejay,165990,166215,225
#14,Mr_No_Lift,2101071,2101151,80