Skill:,Hunter,,Total XP gained:,1283865
#1,Ironodum,13716707,14152037,435330
#2,Thedyolf,3002088,3361684,359596
#3,Zillya,4314999,4484999,170000
#4,Rags_Dream,852526,979566,127040
#5,The_Roots,675123,795471,120348
#6,Just_Haarp,2404597,2448852,44255
#7,Jhb,5226706,5236306,9600
#8,Sabin_08,703602,711762,8160
#9,Druknr,1287810,1292370,4560
#10,Aviron_nz,2778389,2782949,4560
#11,Larry_0g,3475482,3475876,394
#12,P4y_D1rt,17340,17362,22