Skill:,Runecraft,,Total XP gained:,848161
#1,Druknr,394078,755210,361132
#2,Desabled,1695604,1973669,278065
#3,ThedUIM,335760,409096,73336
#4,Getlowcelot3,567770,620600,52830
#5,Grazyiron,368864,396620,27756
#6,Sabin_08,617843,632013,14170
#7,Lucky_Lucid,196135,210172,14037
#8,Rounder,550715,561803,11088
#9,Kusirusina,62033,70913,8880
#10,Mr_No_Lift,3610475,3615570,5095
#11,Iron_Nimmi,486845,488145,1300
#12,L3opoldstoch,56095,56535,440
#13,Just_Haarp,990329,990361,32