Skill:,Agility,,Total XP gained:,45397
#1,Iron_nimmi,1482171,1505593,23422
#2,Lil_SadBoy,1406409,1427525,21116
#3,Hovmeizter,6559380,6560131,751
#4,Octive,1497028,1497060,32
#5,Tim_fe_rrell,1052287,1052314,27
#6,Thedyolf,2712548,2712568,20
#7,Dezq,5443171,5443187,16
#8,HC_Grumio,2219845,2219854,9
#9,Druknr,2248655,2248658,3
#10,Rounder,3642602,3642603,1