Skill:,Fishing,,Total XP gained:,2862487
#1,Rounder,14382143,15444323,1062180
#2,VomitValcano,1835443,2484501,649058
#3,ThedUIM,3679943,4227443,547500
#4,Dihl,12481749,12699619,217870
#5,Spets,3739113,3868873,129760
#6,Swemf,1815762,1896402,80640
#7,Slique,4077355,4156184,78829
#8,Perpetuitate,3197730,3271770,74040
#9,L3opoldstoch,3384472,3406152,21680
#10,Just_Haarp,902294,903214,920
#11,Pug_Soup,258028,258038,10