Skill:,Slayer,,Total XP gained:,540381
#1,Thedyolf,8842803,8937728,94925
#2,S0da_ash,4924501,5018200,93699
#3,SlackyQQ,4465162,4537980,72818
#4,Druknr,13875551,13945674,70123
#5,Getlowcelot3,5939841,6001551,61710
#6,Iron_nimmi,11873646,11921253,47607
#7,Temku,6073788,6106265,32477
#8,Tetsu_nurtaw,1342169,1370746,28577
#9,Name_Snlped,7910632,7934797,24165
#10,Shuryo_Tora,5045730,5054480,8750
#11,Master_beast,11519693,11523683,3990
#12,Lucky_lucid,5343266,5344806,1540