Skill:,Barrows,,Total XP gained:,740
#1,Thedyolf,450,725,275
#2,Taak-o,897,1052,155
#3,Lucky_lucid,50,170,120
#4,Iron_flyn,202,300,98
#5,SlackyQQ,756,799,43
#6,Ex_hcim_brad,900,942,42
#7,Temku,305,342,37
#8,Spets,568,600,32
#9,Sobrietity,290,306,16
#10,Iron_smorc,930,937,7