Skill:,Fishing,,Total XP gained:,7111514
#1,Rounder,14382143,16402479,2020336
#2,ThedUIM,3679943,5588865,1908922
#3,VomitValcano,1835443,2606492,771049
#4,Slique,4077355,4729151,651796
#5,Dihl,12481749,13034474,552725
#6,Spets,3739113,4027793,288680
#7,Grazyiron,4889436,5170614,281178
#8,Druknr,2616206,2827176,210970
#9,Perpetuitate,3197730,3302090,104360
#10,Tetsu_Nurtaw,4575780,4674660,98880
#11,Swemf,1815762,1908732,92970
#12,Mrh4mm3r,1590589,1651309,60720
#13,L3opoldstoch,3384472,3418272,33800
#14,Just_Haarp,902294,923489,21195
#15,The_Roots,6537643,6544643,7000
#16,Lolland,1337342,1343262,5920
#17,Virgin_Barry,560161,560691,530
#18,1iron_Reborn,8613677,8614138,461
#19,236P,611867,611877,10
#20,Pug_Soup,258028,258038,10
#21,Sabin_08,3610413,3610415,2