Skill:,Fishing,,Total XP gained:,1851077
#1,Rounder,14382143,15114337,732194
#2,VomitValcano,1835443,2179173,343730
#3,ThedUIM,3679943,3998206,318263
#4,Dihl,12481749,12673906,192157
#5,Spets,3739113,3868873,129760
#6,Perpetuitate,3197730,3253800,56070
#7,Slique,4077355,4122988,45633
#8,Swemf,1815762,1848102,32340
#9,Just_Haarp,902294,903214,920
#10,Pug_Soup,258028,258038,10