Skill:,Slayer,,Total XP gained:,446649
#1,Thedyolf,8842803,8933688,90885
#2,SlackyQQ,4465162,4537980,72818
#3,Druknr,13875551,13945674,70123
#4,Getlowcelot3,5939841,6001551,61710
#5,S0da_ash,4924501,4977290,52789
#6,Iron_nimmi,11873646,11908488,34842
#7,Temku,6073788,6106265,32477
#8,Name_Snlped,7910632,7931347,20715
#9,Shuryo_Tora,5045730,5054480,8750
#10,Lucky_lucid,5343266,5344806,1540