Skill:,Fishing,,Total XP gained:,2836041
#1,Rounder,14382143,15444323,1062180
#2,VomitValcano,1835443,2481855,646412
#3,ThedUIM,3679943,4227443,547500
#4,Dihl,12481749,12699619,217870
#5,Spets,3739113,3868873,129760
#6,Slique,4077355,4156184,78829
#7,Swemf,1815762,1890572,74810
#8,Perpetuitate,3197730,3253800,56070
#9,L3opoldstoch,3384472,3406152,21680
#10,Just_Haarp,902294,903214,920
#11,Pug_Soup,258028,258038,10