Skill:,Thieving,,Total XP gained:,6417153
#1,Tim_fe_rrell,314910,4340626,4025716
#2,The_Roots,899205,1994243,1095038
#3,Thedyolf,2139772,2817230,677458
#4,Swemf,187802,737752,549950
#5,Druknr,3750560,3793722,43162
#6,VomitValcano,620997,635286,14289
#7,Imcairnsy,964773,974332,9559
#8,Master_Beast,8179596,8180839,1243
#9,Rounder,16579077,16579717,640
#10,Ironodum,15039396,15039439,43
#11,Boy_Jakeob,193603,193633,30
#12,Sabin_08,899825,899850,25