Skill:,Barrows,,Total XP gained:,895
#1,Thedyolf,850,1000,150
#2,Iron_Grumio,586,675,89
#3,Boy_Jakeob,892,981,89
#4,Haaarp,758,846,88
#5,Iron_Island,62,144,82
#6,Conztant,1151,1223,72
#7,Putrid,165,235,70
#8,Iron_nimmi,753,822,69
#9,Druknr,558,623,65
#10,S0da_ash,350,385,35
#11,Iron_flyn,306,337,31
#12,Iron_Tonkin,480,511,31
#13,IronSlainRev,325,342,17
#14,Paganwayz,184,190,6
#15,Master_beast,536,537,1