Skill:,Slayer,,Total XP gained:,3346012
#1,Grazyiron,3903698,4549333,645635
#2,Thedyolf,4970790,5535728,564938
#3,Ironodum,17963407,18281825,318418
#4,Paganwayz,1660323,1965188,304865
#5,Master_Beast,10080726,10328689,247963
#6,Rouqz,5119055,5354906,235851
#7,1iron_Reborn,16718353,16933459,215106
#8,The_Roots,1320725,1518989,198264
#9,Desabled,15727746,15862259,134513
#10,Ir0nman_J0sh,3740002,3844675,104673
#11,Solo_deejay,711605,794605,83000
#12,Lolland,4755643,4810148,54505
#13,Swemf,1193852,1239088,45236
#14,Rounder,4477708,4522836,45128
#15,Kusirusina,272919,313039,40120
#16,236P,1450064,1485679,35615
#17,L3opoldstoch,1666652,1701565,34913
#18,Pug_Soup,1469379,1480914,11535
#19,Mr_No_Lift,20562057,20572960,10903
#20,Sabin_08,1376795,1384335,7540
#21,Ex_hcim_brad,2560676,2567967,7291