Skill:,Thieving,,Total XP gained:,8958932
#1,Tim_fe_rrell,314910,5085517,4770607
#2,Druknr,3750560,5521029,1770469
#3,The_Roots,899205,1994243,1095038
#4,Thedyolf,2139772,2817230,677458
#5,Swemf,187802,743752,555950
#6,Paganwayz,320204,345276,25072
#7,VomitValcano,620997,637049,16052
#8,Grazyiron,1281294,1296297,15003
#9,Sabin_08,899825,914810,14985
#10,Imcairnsy,964773,974341,9568
#11,Master_Beast,8179596,8186839,7243
#12,Rounder,16579077,16580037,960
#13,L3opoldstoch,221158,221527,369
#14,Hovmeizter,14088526,14088611,85
#15,Ironodum,15039396,15039439,43
#16,Boy_Jakeob,193603,193633,30