Skill:,Firemaking,,Total XP gained:,-6922293
#1,Iron_flyn,2108878,4112915,2004037
#2,Twig_HC,20060,1796662,1776602
#3,Saggy_bewbz,11193657,12761072,1567415
#4,Getlowcelot3,3603272,5114941,1511669
#5,Iron_nimmi,3351601,3803287,451686
#6,Ex_hcim_brad,14653205,14890251,237046
#7,Ekats_UK,5238575,5356747,118172
#8,Druknr,1993031,2000233,7202
#9,Tetsu_nurtaw,13048306,13053366,5060
#10,Hovis_loaf,13068521,13070521,2000
#11,TwigQQ,4820426,4822046,1620
#12,Temku,4023433,4024216,783