Skill:,Hitpoints,,Total XP gained:,185649
#1,7_7_3_4,7281556,7329818,48262
#2,1iron_Reborn,35346912,35385677,38765
#3,grazyiron,2654542,2680936,26394
#4,Mr_No_Lift,36418082,36443926,25844
#5,Whats_A_Ge,870124,881424,11300
#6,Mrh4mm3r,7221281,7232010,10729
#7,Jhb,51812474,51821771,9297
#8,P4y_D1rt,60562,68577,8015
#9,Slackyqq,9277115,9280234,3119
#10,Iron_Amos,100807,103925,3118
#11,Lucky_Lucid,2640135,2640538,403
#12,Rags_Dream,409279,409682,403