Skill:,Mining,,Total XP gained:,958853
#1,Druknr,1135547,1438987,303440
#2,grazyiron,3995004,4161341,166337
#3,Iron_Nimmi,793285,950870,157585
#4,Dihl,1265834,1410067,144233
#5,Des_W,2783619,2834449,50830
#6,The_Roots,1103067,1150427,47360
#7,Aviron_nz,2423461,2455076,31615
#8,Karc,2916410,2938292,21882
#9,236P,6961,27657,20696
#10,Larry_0g,1562589,1575933,13344
#11,Whats_A_Ge,1223835,1224665,830
#12,Jhb,3284161,3284557,396
#13,Solo_deejay,165990,166215,225
#14,Mr_No_Lift,2101071,2101151,80