Skill:,Slayer,,Total XP gained:,2471759
#1,SlackyQQ,4465162,4813226,348064
#2,Tetsu_nurtaw,1342169,1681083,338914
#3,Iron_nimmi,11873646,12206605,332959
#4,Thedyolf,8842803,9101016,258213
#5,HC_Grumio,3147710,3318132,170422
#6,S0da_ash,4924501,5094548,170047
#7,Iron_smorc,6261022,6387587,126565
#8,Druknr,13875551,13994312,118761
#9,Lil_SadBoy,1306530,1416314,109784
#10,Lucky_lucid,5343266,5425589,82323
#11,Temku,6073788,6146795,73007
#12,Getlowcelot3,5939841,6010001,70160
#13,Iron_flyn,3449173,3500963,51790
#14,Master_beast,11519693,11566703,47010
#15,Tim_fe_rrell,4286243,4332643,46400
#16,TwigQQ,7958947,8000347,41400
#17,Ex_hcim_brad,4497132,4535687,38555
#18,Shuryo_Tora,5045730,5081822,36092
#19,HC_Kippster0,79628,90921,11293