Skill:,Hunter,,Total XP gained:,2031270
#1,Iron_flyn,5585692,6501430,915738
#2,Wolowizzle,2741888,3139608,397720
#3,Home_Workout,1945593,2311478,365885
#4,Thedyolf,6102493,6423893,321400
#5,Iron_smorc,3120161,3133863,13702
#6,Iron_Tonkin,3921621,3927633,6012
#7,Rounder,5907495,5912055,4560
#8,Putrid,1026398,1030934,4536
#9,Hovmeizter,15364120,15365705,1585
#10,Spets,3813619,3813719,100
#11,HC_Kippster0,535072,535104,32