Skill:,Woodcutting,,Total XP gained:,1222442
#1,Iron_flyn,3462233,4091086,628853
#2,Lucky_lucid,2316393,2637098,320705
#3,Temku,1406990,1569115,162125
#4,Ex_hcim_brad,2835542,2882967,47425
#5,Jesstice,496083,527559,31476
#6,Iron_nimmi,1238330,1250230,11900
#7,Desabled,5999728,6007532,7804
#8,Spets,1989151,1991928,2777
#9,Getlowcelot3,2838534,2840839,2305
#10,Hovis_loaf,733071,734963,1892
#11,J3S5E,835344,836764,1420
#12,Sobrietity,1028336,1029711,1375
#13,Druknr,1471123,1472060,937
#14,S0da_ash,1028100,1028796,696
#15,Lil_SadBoy,765481,765931,450
#16,LucyFur_iron,2093509,2093809,300
#17,Octive,1377667,1377668,1
#18,Constunt,2770523,2770524,1