Skill:,Barrows,,Total XP gained:,799
#1,Thedyolf,450,725,275
#2,Taak-o,897,1067,170
#3,Lucky_lucid,50,170,120
#4,Iron_flyn,202,300,98
#5,Temku,305,364,59
#6,Ex_hcim_brad,900,952,52
#7,SlackyQQ,756,799,43
#8,Spets,568,600,32
#9,Sobrietity,290,318,28
#10,Iron_smorc,930,937,7