Skill:,Crafting,,Total XP gained:,1836593
#1,Iron_flyn,6415625,7265640,850015
#2,Iron_nimmi,7250875,7771300,520425
#3,Thedyolf,7094863,7503639,408776
#4,Master_beast,8938596,8976236,37640
#5,Confused_Seb,407046,424941,17895
#6,LucyFur_iron,3266374,3266914,540
#7,Rouqz,5562326,5562859,533
#8,Druknr,11457012,11457412,400
#9,L3opoldstoch,3350228,3350428,200
#10,The_Roots,3707319,3707488,169