Skill:,Fishing,,Total XP gained:,2396894
#1,Tim_fe_rrell,803869,1505840,701971
#2,Iron_flyn,2217410,2837596,620186
#3,Dihl,13464432,13898098,433666
#4,Iron_smorc,5533376,5825624,292248
#5,SlackyQQ,1180617,1336477,155860
#6,Conztant,3950674,4026689,76015
#7,BrandonsIron,23995,83050,59055
#8,Putrid,815105,860405,45300
#9,Spets,5914258,5922636,8378
#10,Druknr,3519066,3522816,3750
#11,Temku,4111344,4111654,310
#12,Hovmeizter,9250747,9250852,105
#13,Rounder,17195525,17195575,50