Skill:,Zulrah,,Total XP gained:,1012
#1,Iron_flyn,86,561,475
#2,Crulious,969,1181,212
#3,Iron_Grumio,388,500,112
#4,Home_Workout,600,700,100
#5,Thedyolf,800,825,25
#6,Ekats_UK,884,908,24
#7,Iron_Tonkin,292,311,19
#8,Octive,334,352,18
#9,Tim_fe_rrell,370,388,18
#10,Iron_nimmi,1770,1779,9