Skill:,Slayer,,Total XP gained:,3858564
#1,Iron_nimmi,11873646,12423395,549749
#2,SlackyQQ,4465162,4957101,491939
#3,Tetsu_nurtaw,1342169,1774625,432456
#4,Thedyolf,8842803,9246216,403413
#5,Iron_smorc,6261022,6519829,258807
#6,Druknr,13875551,14132744,257193
#7,HC_Grumio,3147710,3370758,223048
#8,Lucky_lucid,5343266,5560379,217113
#9,S0da_ash,4924501,5094548,170047
#10,TwigQQ,7958947,8123791,164844
#11,Lil_SadBoy,1306530,1440869,134339
#12,Tim_fe_rrell,4286243,4382793,96550
#13,Temku,6073788,6160295,86507
#14,Iron_flyn,3449173,3524258,75085
#15,Getlowcelot3,5939841,6014420,74579
#16,Octive,7802870,7861432,58562
#17,Ex_hcim_brad,4497132,4554047,56915
#18,Master_beast,11519693,11566703,47010
#19,Shuryo_Tora,5045730,5081822,36092
#20,HC_Kippster0,79628,103944,24316