Skill:,Slayer,,Total XP gained:,493846
#1,Grazyiron,3903698,4016979,113281
#2,Rouqz,5119055,5194995,75940
#3,Paganwayz,1660323,1722862,62539
#4,Thedyolf,4970790,5020692,49902
#5,Ironodum,17963407,18009696,46289
#6,Master_Beast,10080726,10120326,39600
#7,236P,1450064,1485679,35615
#8,Ir0nman_J0sh,3740002,3773772,33770
#9,Lolland,4755643,4772473,16830
#10,The_Roots,1320725,1332065,11340
#11,Sabin_08,1376795,1384335,7540
#12,Solo_deejay,711605,712805,1200