Skill:,Slayer,,Total XP gained:,4790367
#1,LucyFur_iron,0,2678379,2678379
#2,The_Roots,0,1893763,1893763
#3,Druknr,13875551,13925392,49841
#4,S0da_ash,4924501,4961735,37234
#5,Getlowcelot3,5939841,5975082,35241
#6,SlackyQQ,4465162,4499489,34327
#7,Temku,6073788,6106265,32477
#8,Thedyolf,8842803,8858328,15525
#9,Shuryo_Tora,5045730,5054480,8750
#10,Name_Snlped,7910632,7915462,4830