Skill:,Fishing,,Total XP gained:,1492427
#1,Tim_fe_rrell,803869,1357796,553927
#2,Iron_flyn,2217410,2633583,416173
#3,Iron_smorc,5533376,5775563,242187
#4,SlackyQQ,1180617,1313957,133340
#5,Conztant,3950674,4026689,76015
#6,Putrid,815105,860405,45300
#7,BrandonsIron,23995,45575,21580
#8,Druknr,3519066,3522816,3750
#9,Hovmeizter,9250747,9250852,105
#10,Rounder,17195525,17195575,50