Skill:,Runecraft,,Total XP gained:,700157
#1,Druknr,394078,678326,284248
#2,Desabled,1695604,1918924,223320
#3,ThedUIM,335760,409096,73336
#4,Getlowcelot3,567770,620600,52830
#5,Grazyiron,368864,396620,27756
#6,Lucky_Lucid,196135,210172,14037
#7,Rounder,550715,561803,11088
#8,Kusirusina,62033,70913,8880
#9,Mr_No_Lift,3610475,3614015,3540
#10,Iron_Nimmi,486845,487495,650
#11,L3opoldstoch,56095,56535,440
#12,Just_Haarp,990329,990361,32