Skill:,Agility,,Total XP gained:,383310
#1,Sobrietity,738752,966924,228172
#2,Dihl,1389232,1476002,86770
#3,236P,914752,969467,54715
#4,Solo_deejay,267311,275864,8553
#5,Thedyolf,2285582,2288775,3193
#6,Des_W,3495020,3496728,1708
#7,Pug_Soup,518345,518465,120
#8,Getlowcelot3,938383,938418,35
#9,Iron_Smorc,1097084,1097108,24
#10,Kyopeli,452686,452698,12
#11,Fe_Boney_B,960728,960736,8