Skill:,Fishing,,Total XP gained:,3156611
#1,Rounder,14382143,15499992,1117849
#2,VomitValcano,1835443,2491250,655807
#3,ThedUIM,3679943,4278408,598465
#4,Dihl,12481749,12699619,217870
#5,Spets,3739113,3946273,207160
#6,Slique,4077355,4194615,117260
#7,Swemf,1815762,1896412,80650
#8,Perpetuitate,3197730,3271770,74040
#9,Tetsu_Nurtaw,4575780,4640680,64900
#10,L3opoldstoch,3384472,3406152,21680
#11,Just_Haarp,902294,903214,920
#12,Pug_Soup,258028,258038,10