Skill:,Barrows,,Total XP gained:,909
#1,Thedyolf,450,750,300
#2,Taak-o,897,1076,179
#3,Lucky_lucid,50,170,120
#4,Iron_flyn,202,300,98
#5,SlackyQQ,756,849,93
#6,Temku,305,379,74
#7,Ex_hcim_brad,900,960,60
#8,Spets,568,600,32
#9,Sobrietity,290,321,31
#10,Iron_smorc,930,937,7