Skill:,Fishing,,Total XP gained:,3246572
#1,Rounder,14382143,15499992,1117849
#2,VomitValcano,1835443,2492956,657513
#3,ThedUIM,3679943,4334383,654440
#4,Dihl,12481749,12699619,217870
#5,Spets,3739113,3946273,207160
#6,Slique,4077355,4194615,117260
#7,Tetsu_Nurtaw,4575780,4672960,97180
#8,Swemf,1815762,1896412,80650
#9,Perpetuitate,3197730,3271770,74040
#10,L3opoldstoch,3384472,3406152,21680
#11,Just_Haarp,902294,903214,920
#12,Pug_Soup,258028,258038,10