Skill:,TotalXP,,Total XP gained:,707044
#1,Desabled,267101981,267305636,203655
#2,Druknr,154756976,154918063,161087
#3,Sobrietity,49767572,49923928,156356
#4,Temku,67463751,67583422,119671
#5,Saggy_bewbz,22134460,22162059,27599
#6,Constunt,105847772,105869258,21486
#7,IronSlainRev,28012535,28020726,8191
#8,Octive,105938194,105945913,7719
#9,Tetsu_nurtaw,58073391,58074425,1034
#10,Thedyolf,129501838,129502054,216
#11,Ex_hcim_brad,76717627,76717657,30