Skill:,TotalXP,,Total XP gained:,1157303
#1,Iron_Nimmi,139804309,140287005,482696
#2,Thedyolf,121880832,122079102,198270
#3,Iron_Smorc,93898503,94043693,145190
#4,Tim_fe_rrell,31583611,31674269,90658
#5,ThedUIM,42288059,42358729,70670
#6,Pug_Soup,28885854,28940968,55114
#7,Iron_Keagan,114742536,114791195,48659
#8,Getlowcelot3,71332266,71379586,47320
#9,Sabin_08,55428899,55447052,18153
#10,Whats_Da_Ge,255606764,255607337,573