Skill:,TotalXP,,Total XP gained:,213742561
#1,Lucky_lucid,67308674,83735604,16426930
#2,Thedyolf,149951372,164528287,14576915
#3,Iron_nimmi,171799199,185014699,13215500
#4,Tetsu_nurtaw,68232570,80988429,12755859
#5,Iron_Venema,169259654,180995615,11735961
#6,Druknr,180515633,192150831,11635198
#7,Dezq,295039941,306264490,11224549
#8,Master_beast,248514727,258192433,9677706
#9,Temku,79729035,88872228,9143193
#10,Hovmeizter,397244475,406340905,9096430
#11,HC_Grumio,81842943,90745096,8902153
#12,Hovis_loaf,66978218,74524668,7546450
#13,Spets,111651581,118654151,7002570
#14,Jesstice,41046681,47825344,6778663
#15,L3opoldstoch,65285054,71824394,6539340
#16,LucyFur_iron,64293315,70453470,6160155
#17,Tim_fe_rrell,67794933,73284793,5489860
#18,Octive,115033754,120470243,5436489
#19,Lil_SadBoy,46848606,52014144,5165538
#20,Taak-o,119764818,124809795,5044977
#21,Sobrietity,59485775,64511463,5025688
#22,SlackyQQ,101107351,105055326,3947975
#23,Rounder,138642777,141975055,3332278
#24,Iron_flyn,133685102,136758235,3073133
#25,Getlowcelot3,90521608,93557405,3035797
#26,Iron_smorc,125349693,128282731,2933038
#27,IronSlainRev,30950159,33445321,2495162
#28,Putrid,40775226,42923145,2147919
#29,S0da_ash,92863702,94534405,1670703
#30,Ex_hcim_brad,82952029,83988731,1036702
#31,Name_Snlped,105231095,106057412,826317
#32,HC_Kippster0,2212815,2550807,337992
#33,Shuryo_Tora,70231078,70556499,325421