Skill:,TotalXP,,Total XP gained:,71554625
#1,Lucky_lucid,67308674,73631080,6322406
#2,Dezq,295039941,301342432,6302491
#3,Thedyolf,149951372,154914183,4962811
#4,Iron_nimmi,171799199,176696671,4897472
#5,Iron_Venema,169259654,173480814,4221160
#6,Spets,111651581,115620031,3968450
#7,Jesstice,41046681,44647483,3600802
#8,Druknr,180515633,183883763,3368130
#9,Master_beast,248514727,251771714,3256987
#10,LucyFur_iron,64293315,67537556,3244241
#11,Iron_flyn,133685102,136758235,3073133
#12,Sobrietity,59485775,62277379,2791604
#13,Octive,115033754,117725810,2692056
#14,Temku,79729035,82415605,2686570
#15,HC_Grumio,81842943,84292597,2449654
#16,Lil_SadBoy,46848606,49298163,2449557
#17,Tetsu_nurtaw,68232570,70108935,1876365
#18,Getlowcelot3,90521608,92359706,1838098
#19,Hovis_loaf,66978218,68654249,1676031
#20,Hovmeizter,397244475,398876766,1632291
#21,Putrid,40775226,42177991,1402765
#22,IronSlainRev,30950159,32054406,1104247
#23,Iron_smorc,125349693,126099078,749385
#24,L3opoldstoch,65285054,65745155,460101
#25,Taak-o,119764818,119975765,210947
#26,Ex_hcim_brad,82952029,83160331,208302
#27,Rounder,138642777,138724646,81869
#28,S0da_ash,92863702,92890402,26700