Skill:,TotalXP,,Total XP gained:,867840
#1,Thedyolf,167070908,167505649,434741
#2,Master_beast,262348536,262548487,199951
#3,S0da_ash,96190827,96370450,179623
#4,Lucky_lucid,86146653,86164832,18179
#5,Iron_smorc,128592489,128605893,13404
#6,Iron_Venema,183829128,183838488,9360
#7,Hovis_loaf,75950296,75954291,3995
#8,Temku,91144682,91147979,3297
#9,HC_Kippster0,2653663,2656778,3115
#10,Rounder,142196356,142198531,2175