Skill:,TotalXP,,Total XP gained:,125442237
#1,Lucky_lucid,67308674,76991755,9683081
#2,Iron_nimmi,171799199,180195049,8395850
#3,Dezq,295039941,303232880,8192939
#4,Thedyolf,149951372,157883491,7932119
#5,Druknr,180515633,188052061,7536428
#6,Iron_Venema,169259654,176476757,7217103
#7,Temku,79729035,85974458,6245423
#8,Master_beast,248514727,254505533,5990806
#9,HC_Grumio,81842943,87106237,5263294
#10,Spets,111651581,116873148,5221567
#11,Hovmeizter,397244475,402438369,5193894
#12,Tetsu_nurtaw,68232570,72841754,4609184
#13,Hovis_loaf,66978218,71365513,4387295
#14,LucyFur_iron,64293315,68426021,4132706
#15,Jesstice,41046681,45148414,4101733
#16,Lil_SadBoy,46848606,50623752,3775146
#17,Sobrietity,59485775,63147018,3661243
#18,Octive,115033754,118452069,3418315
#19,L3opoldstoch,65285054,68456369,3171315
#20,Iron_flyn,133685102,136758235,3073133
#21,Taak-o,119764818,122218340,2453522
#22,Getlowcelot3,90521608,92910443,2388835
#23,Putrid,40775226,42923145,2147919
#24,IronSlainRev,30950159,32736452,1786293
#25,Iron_smorc,125349693,127076913,1727220
#26,SlackyQQ,101107351,102585791,1478440
#27,Rounder,138642777,139718534,1075757
#28,Tim_fe_rrell,67794933,68336104,541171
#29,Ex_hcim_brad,82952029,83380858,428829
#30,S0da_ash,92863702,93075379,211677