Skill:,TotalXP,,Total XP gained:,294518336
#1,IronOdum,516590550,552618810,36028260
#2,Tetsu_nurtaw,116000513,134628957,18628444
#3,Hovmeizter,423316473,441189385,17872912
#4,Iron_flyn,158317073,171584410,13267337
#5,Thedyolf,183772692,195181315,11408623
#6,Lucky_Lucid,102983767,114300207,11316440
#7,Hovis_loaf,101576078,112276438,10700360
#8,Temku,106114149,115844419,9730270
#9,Paganwayz,76011250,85660462,9649212
#10,Putrid,47235395,56680341,9444946
#11,Ekats_UK,231724051,240922790,9198739
#12,Iron_nimmi,207592921,216718233,9125312
#13,Conztant,142522578,151289577,8766999
#14,Druknr,209828298,218438854,8610556
#15,Tim_fe_rrell,88237935,96471093,8233158
#16,Master_beast,286367783,294575161,8207378
#17,Spets,127121440,135211862,8090422
#18,Iron_Grumio,183778500,191647989,7869489
#19,Iron_smorc,139992035,147520940,7528905
#20,SlackyQQ,119241910,126439640,7197730
#21,Dihl,103991303,110358839,6367536
#22,S0da_ash,105306917,111361521,6054604
#23,Lil_SadBoy,60505318,65752087,5246769
#24,Iron_Tonkin,109407945,114619378,5211433
#25,Iron_Venema,193225946,198368180,5142234
#26,Dezq,311198202,315755943,4557741
#27,HC_Kippster0,7263195,11585025,4321830
#28,Iron_Island,28110009,32235384,4125375
#29,Home_Workout,94955222,99023616,4068394
#30,IronSlainRev,38293757,41439678,3145921
#31,LucyFur_iron,73150515,76239756,3089241
#32,Saggy_bewbz,28635273,31285849,2650576
#33,Getlowcelot3,104281583,106141524,1859941
#34,Boy_Jakeob,37922779,39408195,1485416
#35,Haaarp,135185495,136569541,1384046
#36,Ex_hcim_brad,89067175,90349462,1282287
#37,Octive,134212156,135477553,1265397
#38,Rounder,145539940,146763816,1223876
#39,Shuryo_Tora,73733596,74423840,690244
#40,Wolowizzle,186190343,186607126,416783
#41,Confused_Seb,18266701,18302628,35927
#42,The_Roots,61858229,61875502,17273