Skill:,TotalXP,,Total XP gained:,38186802
#1,Tetsu_nurtaw,86221916,89760083,3538167
#2,Iron_nimmi,188537213,191817457,3280244
#3,Thedyolf,167070908,169952574,2881666
#4,Master_beast,262348536,265163384,2814848
#5,SlackyQQ,107052956,109150825,2097869
#6,IronOdum,497795734,499713765,1918031
#7,Lucky_lucid,86146653,88007881,1861228
#8,Getlowcelot3,95315083,96911757,1596674
#9,Tim_fe_rrell,74415473,75959149,1543676
#10,Druknr,194282413,195799595,1517182
#11,Dezq,306919790,308277088,1357298
#12,Iron_Venema,183829128,185116444,1287316
#13,Octive,123373159,124521862,1148703
#14,HC_Grumio,92116531,93262705,1146174
#15,Iron_smorc,128592489,129730809,1138320
#16,Hovmeizter,406922176,408049788,1127612
#17,Temku,91144682,92226703,1082021
#18,S0da_ash,96190827,97076645,885818
#19,TwigQQ,107062850,107899346,836496
#20,Lil_SadBoy,52235667,53058909,823242
#21,Iron_flyn,136758235,137517152,758917
#22,IronSlainRev,33557837,34214329,656492
#23,L3opoldstoch,72401653,73026313,624660
#24,Hovis_loaf,75950296,76565361,615065
#25,LucyFur_iron,70858509,71279184,420675
#26,Shuryo_Tora,70904225,71299570,395345
#27,Spets,119974269,120363129,388860
#28,HC_Kippster0,2653663,2934085,280422
#29,Ex_hcim_brad,84614851,84776457,161606
#30,Rounder,142196356,142198531,2175