Skill:,TotalXP,,Total XP gained:,61428700
#1,Dezq,295039941,300897407,5857466
#2,Lucky_lucid,67308674,72692619,5383945
#3,Iron_nimmi,171799199,176415038,4615839
#4,Thedyolf,149951372,154113195,4161823
#5,Spets,111651581,115144016,3492435
#6,Iron_Venema,169259654,172667744,3408090
#7,Jesstice,41046681,44320104,3273423
#8,Druknr,180515633,183604987,3089354
#9,Iron_flyn,133685102,136494286,2809184
#10,LucyFur_iron,64293315,66998757,2705442
#11,Master_beast,248514727,251103958,2589231
#12,Sobrietity,59485775,61966194,2480419
#13,Octive,115033754,117479638,2445884
#14,Temku,79729035,82102914,2373879
#15,Lil_SadBoy,46848606,48947731,2099125
#16,HC_Grumio,81842943,83592165,1749222
#17,Tetsu_nurtaw,68232570,69832254,1599684
#18,Putrid,40775226,42177991,1402765
#19,Getlowcelot3,90521608,91923292,1401684
#20,Hovmeizter,397244475,398477380,1232905
#21,IronSlainRev,30950159,32054406,1104247
#22,Hovis_loaf,66978218,67859680,881462
#23,Iron_smorc,125349693,125955608,605915
#24,L3opoldstoch,65285054,65532620,247566
#25,Ex_hcim_brad,82952029,83158756,206727
#26,Taak-o,119764818,119867233,102415
#27,Rounder,138642777,138724646,81869
#28,S0da_ash,92863702,92890402,26700