Skill:,TotalXP,,Total XP gained:,794569
#1,Tim_fe_rrell,19657829,20131071,473242
#2,Mr_No_Lift,328955883,329093168,137285
#3,Iron_Smorc,89060678,89114478,53800
#4,Mrh4mm3r,84258742,84298098,39356
#5,Ir0nman_J0sh,43186042,43214242,28200
#6,The_Roots,47139761,47164550,24789
#7,Grazyiron,81041072,81059356,18284
#8,Boy_Jakeob,28578166,28592328,14162
#9,1iron_Reborn,329338767,329344119,5352
#10,Sabin_08,46727931,46728027,96
#11,Druknr,111470223,111470226,3