Skill:,TotalXP,,Total XP gained:,91365263
#1,Rounder,101550143,110331251,8781108
#2,Druknr,102757168,108012569,5255401
#3,Sobrietity,26911056,31820902,4909846
#4,Lucky_Lucid,38879526,43708645,4829119
#5,Grazyiron,59748410,64378652,4630242
#6,N64DD,13421833,17750154,4328321
#7,Desabled,211817609,216092300,4274691
#8,Aviron_nz,90353139,94265357,3912218
#9,Slique,124960293,128636738,3676445
#10,7_7_3_4,103164684,106757360,3592676
#11,Iron_Smorc,69963732,73090875,3127143
#12,Getlowcelot3,65176759,68293944,3117185
#13,Outs,95460971,98379258,2918287
#14,Ironodum,432083889,434573997,2490108
#15,Master_Beast,172033136,174332425,2299289
#16,Kyopeli,29859304,32086192,2226888
#17,Karc,218174844,220329709,2154865
#18,1iron_Reborn,316836794,318966260,2129466
#19,Kusirusina,44013637,46034711,2021074
#20,Sabin_08,36816335,38753833,1937498
#21,L3opoldstoch,29516822,31409764,1892942
#22,Onkie_donk,39364308,41012621,1648313
#23,Hovmeizter,318127532,319739966,1612434
#24,Boy_Jakeob,26970230,28478093,1507863
#25,Mr_No_Lift,314774730,316165290,1390560
#26,Thedyolf,87450182,88756194,1306012
#27,Iron_Nimmi,129185873,130444101,1258228
#28,236P,17206637,18236875,1030238
#29,Juicy_Orphan,80986831,81980568,993737
#30,Solo_deejay,13257068,13949634,692566
#31,Spartin028,86079944,86726149,646205
#32,Dihl,81504561,82015959,511398
#33,Goneau,7162711,7669014,506303
#34,DAMNITrone,10729583,11220613,491030
#35,Larry_0g,167325781,167700678,374897
#36,Iron_Keagan,110117848,110466288,348440
#37,Ir0nman_J0sh,41310568,41645701,335133
#38,Mrh4mm3r,78823277,79156465,333188
#39,Just_Haarp,93927915,94256857,328942
#40,Iron_Mikx,60592198,60915903,323705
#41,Whats_A_Ge,14234658,14500235,265577
#42,Whats_Da_Ge,251754529,251989074,234545
#43,Virgin_Barry,12577950,12807470,229520
#44,ThedUIM,14704775,14879163,174388
#45,Jhb,372510093,372673394,163301
#46,Imcairnsy,58447819,58542739,94920
#47,SlackyQQ,89607351,89665347,57996
#48,Fe_Boney_B,94526389,94527353,964
#49,Young_X,17568586,17568634,48