Skill:,TotalXP,,Total XP gained:,97994389
#1,Iron_flyn,111527874,121379543,9851669
#2,Desabled,267101981,275994681,8892700
#3,Druknr,154756976,163236485,8479509
#4,Thedyolf,129501838,137672687,8170849
#5,Tetsu_nurtaw,58073391,63794078,5720687
#6,Master_beast,237371778,242783189,5411411
#7,Hovis_loaf,51537716,56706304,5168588
#8,Temku,67463751,72514916,5051165
#9,Putrid,28292567,33079837,4787270
#10,LucyFur_iron,53050525,57260496,4209971
#11,Iron_smorc,116953742,121020560,4066818
#12,S0da_ash,78168335,82158837,3990502
#13,Constunt,105847772,109758280,3910508
#14,Iron_nimmi,157818045,161714584,3896539
#15,Ex_hcim_brad,76717627,80309741,3592114
#16,Octive,105938194,109307704,3369510
#17,Spets,100101966,103429216,3327250
#18,Sobrietity,49767572,52377829,2610257
#19,Iron_Venema,163003260,164423260,1420000
#20,Getlowcelot3,85150855,86206442,1055587
#21,Lil_SadBoy,40528572,40823136,294564
#22,Saggy_bewbz,22134460,22368267,233807
#23,SlackyQQ,97462803,97674197,211394
#24,Outs,100943341,101117733,174392
#25,IronSlainRev,28012535,28109863,97328