Skill:,TotalXP,,Total XP gained:,214390823
#1,Lucky_lucid,67308674,83735604,16426930
#2,Thedyolf,149951372,164528317,14576945
#3,Iron_nimmi,171799199,185014699,13215500
#4,Tetsu_nurtaw,68232570,81006122,12773552
#5,Iron_Venema,169259654,181045995,11786341
#6,Druknr,180515633,192150831,11635198
#7,Dezq,295039941,306264490,11224549
#8,Master_beast,248514727,258192433,9677706
#9,Temku,79729035,88997468,9268433
#10,Hovmeizter,397244475,406340905,9096430
#11,HC_Grumio,81842943,90745096,8902153
#12,Hovis_loaf,66978218,74570784,7592566
#13,Spets,111651581,118744608,7093027
#14,Jesstice,41046681,47825344,6778663
#15,L3opoldstoch,65285054,71897869,6612815
#16,LucyFur_iron,64293315,70492776,6199461
#17,Tim_fe_rrell,67794933,73284793,5489860
#18,Octive,115033754,120470243,5436489
#19,Lil_SadBoy,46848606,52025610,5177004
#20,Taak-o,119764818,124814874,5050056
#21,Sobrietity,59485775,64511463,5025688
#22,SlackyQQ,101107351,105055326,3947975
#23,Rounder,138642777,141975055,3332278
#24,Iron_flyn,133685102,136758235,3073133
#25,Getlowcelot3,90521608,93557405,3035797
#26,Iron_smorc,125349693,128282731,2933038
#27,IronSlainRev,30950159,33445321,2495162
#28,Putrid,40775226,42923145,2147919
#29,S0da_ash,92863702,94713315,1849613
#30,Ex_hcim_brad,82952029,83988731,1036702
#31,Name_Snlped,105231095,106057412,826317
#32,HC_Kippster0,2212815,2550807,337992
#33,Shuryo_Tora,70231078,70566609,335531