Skill:,TotalXP,,Total XP gained:,137810550
#1,Tetsu_nurtaw,86221916,101953368,15731452
#2,Master_beast,262348536,273286410,10937874
#3,Iron_nimmi,188537213,197729982,9192769
#4,IronOdum,497795734,504907710,7111976
#5,Tim_fe_rrell,74415473,81316709,6901236
#6,Druknr,194282413,200961959,6679546
#7,Iron_flyn,136758235,143401042,6642807
#8,Octive,123373159,129955930,6582771
#9,Thedyolf,167070908,173488596,6417688
#10,SlackyQQ,107052956,113236249,6183293
#11,HC_Grumio,92116531,97927048,5810517
#12,Temku,91144682,96091452,4946770
#13,Getlowcelot3,95315083,99633816,4318733
#14,Iron_Venema,183829128,188121065,4291937
#15,Lil_SadBoy,52235667,56363443,4127776
#16,S0da_ash,96190827,99654731,3463904
#17,Iron_smorc,128592489,132010093,3417604
#18,Dezq,306919790,310116496,3196706
#19,Hovmeizter,406922176,409933870,3011694
#20,TwigQQ,107062850,110025562,2962712
#21,L3opoldstoch,72401653,75234062,2832409
#22,Hovis_loaf,75950296,78213133,2262837
#23,IronSlainRev,33557837,35677096,2119259
#24,Saggy_bewbz,22450092,24170275,1720183
#25,Shuryo_Tora,70904225,72325930,1421705
#26,Spets,119974269,121264795,1290526
#27,HC_Kippster0,2653663,3891891,1238228
#28,LucyFur_iron,70858509,72064299,1205790
#29,Jesstice,47825344,48629324,803980
#30,Ex_hcim_brad,84614851,85210448,595597
#31,Putrid,42923145,43264149,341004
#32,Rounder,142196356,142245623,49267