Skill:,TotalXP,,Total XP gained:,2643517
#1,Desabled,295039941,295564447,524506
#2,Iron_Venema,169259654,169682994,423340
#3,Thedyolf,149951372,150366560,415188
#4,Lucky_lucid,67308674,67621244,312570
#5,Getlowcelot3,90521608,90719536,197928
#6,Iron_flyn,133685102,133868749,183647
#7,Master_beast,248514727,248676708,161981
#8,Druknr,180515633,180675577,159944
#9,Spets,111651581,111736350,84769
#10,Sobrietity,59485775,59541349,55574
#11,Iron_nimmi,171799199,171850462,51263
#12,Temku,79729035,79758363,29328
#13,Octive,115033754,115049584,15830
#14,Iron_smorc,125349693,125357732,8039
#15,HC_Grumio,81842943,81850818,7875
#16,LucyFur_iron,64293315,64300325,7010
#17,Tetsu_nurtaw,68232570,68237295,4725