Skill:,TotalXP,,Total XP gained:,101795842
#1,Lucky_lucid,67308674,76239609,8930935
#2,Dezq,295039941,302818761,7778820
#3,Iron_nimmi,171799199,178622068,6822869
#4,Druknr,180515633,187131624,6615991
#5,Thedyolf,149951372,156045498,6094126
#6,Iron_Venema,169259654,175203315,5943661
#7,Master_beast,248514727,253537910,5023183
#8,Spets,111651581,116219327,4567746
#9,Hovmeizter,397244475,401444190,4199715
#10,Temku,79729035,83873420,4144385
#11,HC_Grumio,81842943,85933387,4090444
#12,Jesstice,41046681,45079924,4033243
#13,LucyFur_iron,64293315,68133621,3840306
#14,Tetsu_nurtaw,68232570,71592486,3359916
#15,Sobrietity,59485775,62826872,3341097
#16,Lil_SadBoy,46848606,49966603,3117997
#17,Octive,115033754,118112610,3078856
#18,Iron_flyn,133685102,136758235,3073133
#19,L3opoldstoch,65285054,67615218,2330164
#20,Getlowcelot3,90521608,92752290,2230682
#21,Putrid,40775226,42923145,2147919
#22,Hovis_loaf,66978218,69116564,2138346
#23,IronSlainRev,30950159,32564842,1614683
#24,Iron_smorc,125349693,126409189,1059496
#25,SlackyQQ,101107351,101860338,752987
#26,Taak-o,119764818,120257773,492955
#27,Rounder,138642777,139063563,420786
#28,Ex_hcim_brad,82952029,83292166,340137
#29,S0da_ash,92863702,93074966,211264