Skill:,TotalXP,,Total XP gained:,1808549
#1,Thedyolf,121880832,122389397,508565
#2,Iron_Nimmi,139804309,140287005,482696
#3,ThedUIM,42288059,42497581,209522
#4,Iron_Smorc,93898503,94094567,196064
#5,Tim_fe_rrell,31583611,31691063,107452
#6,Whats_Da_Ge,255606764,255683820,77056
#7,Iron_Keagan,114742536,114814055,71519
#8,Pug_Soup,28885854,28940968,55114
#9,Getlowcelot3,71332266,71379586,47320
#10,236P,26005554,26034435,28881
#11,Sabin_08,55428899,55453259,24360