Skill:,TotalXP,,Total XP gained:,992588
#1,Spartin028,89813164,90053166,240002
#2,Thedyolf,92165204,92317609,152405
#3,Dihl,84437525,84561903,124378
#4,Iron_Smorc,80769901,80881299,111398
#5,Mr_No_Lift,322137467,322227016,89549
#6,Master_Beast,189555576,189640951,85375
#7,Grazyiron,69932985,70002490,69505
#8,Rounder,124787177,124840445,53268
#9,1iron_Reborn,321775334,321820663,45329
#10,Sobrietity,37224751,37246130,21379