Skill:,TotalXP,,Total XP gained:,377761121
#1,Tetsu_nurtaw,86221916,115594888,29372972
#2,Hovis_loaf,75950296,101187221,25236925
#3,Master_beast,262348536,286269231,23920695
#4,Iron_flyn,136758235,157977095,21218860
#5,Iron_nimmi,188537213,207426807,18889594
#6,IronOdum,497795734,516218097,18422363
#7,Thedyolf,167070908,183592340,16521432
#8,LuckyLucidQQ,86146653,102036697,15890044
#9,Hovmeizter,406922176,422428211,15506035
#10,Druknr,194282413,208980245,14697832
#11,Temku,91144682,105120014,13975332
#12,Tim_fe_rrell,74415473,87791347,13375874
#13,SlackyQQ,107052956,118788942,11735986
#14,Iron_smorc,128592489,139632821,11040332
#15,Octive,123373159,134169904,10796745
#16,Iron_Venema,183829128,193170345,9341217
#17,Getlowcelot3,95315083,104281583,8966500
#18,S0da_ash,96190827,105068014,8877187
#19,Ekats_UK,221130817,229541566,8410749
#20,Lil_SadBoy,52235667,60505318,8269651
#21,Spets,119974269,127121440,7147171
#22,Iron_Island,21767277,27859749,6092472
#23,Saggy_bewbz,22450092,28495995,6045903
#24,Conztant,136815928,142456746,5640818
#25,Paganwayz,70903887,76011250,5107363
#26,IronSlainRev,33557837,38199838,4642001
#27,HC_Kippster0,2653663,7263195,4609532
#28,Putrid,42923145,47235395,4312250
#29,Ex_hcim_brad,84614851,88826375,4211524
#30,Dezq,306919790,311073213,4153423
#31,TwigQQ,107062850,110474792,3411942
#32,Rounder,142196356,145463022,3266666
#33,L3opoldstoch,72401653,75264232,2862579
#34,Shuryo_Tora,70904225,73733596,2829371
#35,Twig_HC,85671,2753053,2667382
#36,LucyFur_iron,70858509,73150515,2292006
#37,Jesstice,47825344,49100298,1274954
#38,Iron_Grumio,182637662,183753590,1115928
#39,Haaarp,134298782,135185495,886713
#40,The_Roots,61133431,61858229,724798