Skill:,TotalXP,,Total XP gained:,55588938
#1,Iron_flyn,111527874,118388952,6861078
#2,Desabled,267101981,272180702,5078721
#3,Thedyolf,129501838,134454908,4953070
#4,Druknr,154756976,159197603,4440627
#5,Tetsu_nurtaw,58073391,62053163,3979772
#6,Hovis_loaf,51537716,54883562,3345846
#7,Master_beast,237371778,240638363,3266585
#8,S0da_ash,78168335,81341809,3173474
#9,Temku,67463751,70487450,3023699
#10,Putrid,28292567,30999817,2707250
#11,LucyFur_iron,53050525,55639674,2589149
#12,Ex_hcim_brad,76717627,78849896,2132269
#13,Iron_smorc,116953742,119013069,2059327
#14,Sobrietity,49767572,51497976,1730404
#15,Constunt,105847772,107550814,1703042
#16,Iron_nimmi,157818045,159375099,1557054
#17,Octive,105938194,107384139,1445945
#18,Spets,100101966,100727891,625925
#19,Getlowcelot3,85150855,85413773,262918
#20,Saggy_bewbz,22134460,22368267,233807
#21,Iron_Venema,163003260,163157774,154514
#22,Lil_SadBoy,40528572,40638737,110165
#23,Outs,100943341,101017393,74052
#24,IronSlainRev,28012535,28057011,44476
#25,SlackyQQ,97462803,97498572,35769