Skill:,TotalXP,,Total XP gained:,103770664
#1,Grazyiron,81041072,89759166,8718094
#2,The_Roots,47139761,55583960,8444199
#3,Tim_fe_rrell,19657829,26264519,6606690
#4,Ironodum,454687256,461161115,6473859
#5,1iron_Reborn,329338767,335468937,6130170
#6,Master_Beast,203215303,208838991,5623688
#7,Thedyolf,106864531,111938928,5074397
#8,ThedUIM,28969348,33923398,4954050
#9,Swemf,39795458,43958646,4163188
#10,Sabin_08,46727931,50775147,4047216
#11,Druknr,111470223,114886299,3416076
#12,Onkie_donk,46872112,49793355,2921243
#13,L3opoldstoch,41921052,44784650,2863598
#14,Paganwayz,56544585,59281792,2737207
#15,Iron_Mikx,65824919,68236391,2411472
#16,Desabled,237852288,240229149,2376861
#17,Imcairnsy,60029838,62363617,2333779
#18,Pug_Soup,26632409,28514651,1882242
#19,Mrh4mm3r,84258742,86119817,1861075
#20,Lamfear,178611326,180136272,1524946
#21,Perpetuitate,6079934,7563128,1483194
#22,Iron_Smorc,89060678,90542610,1481932
#23,Ir0nman_J0sh,43186042,44555852,1369810
#24,P4y_D1rt,31290345,32566083,1275738
#25,Just_Haarp,100856411,102087269,1230858
#26,Iron_Nimmi,135826142,137050308,1224166
#27,Mr_No_Lift,328955883,330178270,1222387
#28,236P,23851362,25062755,1211393
#29,Boy_Jakeob,28578166,29664043,1085877
#30,Lolland,57102163,58054972,952809
#31,Rounder,136589720,137388603,798883
#32,Whats_Da_Ge,253353737,254088221,734484
#33,Hovmeizter,339862446,340586067,723621
#34,Juicy_Orphan,85051260,85751060,699800
#35,Spets,87644887,88250335,605448
#36,VomitValcano,45258579,45786116,527537
#37,Rouqz,114356281,114794127,437846
#38,Virgin_Barry,17107477,17541960,434483
#39,Jhb,374897322,375251141,353819
#40,Slique,138873291,139199131,325840
#41,Tetsu_Nurtaw,48361464,48678983,317519
#42,Kusirusina,55041197,55282538,241341
#43,Dihl,87317655,87547652,229997
#44,Lucky_Lucid,49101955,49267781,165826
#45,Solo_deejay,14810241,14879049,68808
#46,Spartin028,91764310,91767508,3198