Skill:,TotalXP,,Total XP gained:,1200390
#1,Crulious,111348420,111667653,319233
#2,Thedyolf,211962911,212200783,237872
#3,Iron_Venema,215883870,216046106,162236
#4,LucyFur_iron,87836824,87971526,134702
#5,Lucky_Lucid,128403658,128497690,94032
#6,Iron_flyn,198627809,198686905,59096
#7,Octive,139844876,139896360,51484
#8,Gat_Damn,24337424,24386758,49334
#9,Druknr,240201603,240243558,41955
#10,Home_Workout,119921407,119956918,35511
#11,Rouqz,140373594,140388529,14935