Skill:,TotalXP,,Total XP gained:,220708346
#1,Iron_Tonkin,115392146,129894846,14502700
#2,Iron_flyn,175184201,186595659,11411458
#3,Home_Workout,102417499,113707062,11289563
#4,Tetsu_nurtaw,136792358,148047994,11255636
#5,Druknr,221016900,231423190,10406290
#6,IronOdum,555395462,565608238,10212776
#7,Iron_Venema,200011159,209644796,9633637
#8,Iron_smorc,149567770,158998673,9430903
#9,Master_beast,297034875,305849728,8814853
#10,Lucky_Lucid,117511966,125643226,8131260
#11,Crulious,98672642,106591643,7919001
#12,Iron_nimmi,218928095,226377060,7448965
#13,Conztant,151738209,158050374,6312165
#14,Temku,116395142,122393754,5998612
#15,Iron_Grumio,192904510,198879490,5974980
#16,Thedyolf,197105947,202961644,5855697
#17,Getlowcelot3,108207470,113667430,5459960
#18,LucyFur_iron,77663818,82518709,4854891
#19,L3opoldstoch,76303373,81144502,4841129
#20,Hovmeizter,445515642,450118914,4603272
#21,Dezq,316463640,320918302,4454662
#22,Gat_Damn,16894621,21112801,4218180
#23,Tim_fe_rrell,99285253,103479013,4193760
#24,Dihl,111082136,115245795,4163659
#25,The_Roots,61875502,65954094,4078592
#26,Paganwayz,88468052,92111287,3643235
#27,HC_Kippster0,12405138,15788717,3383579
#28,Lil_SadBoy,67867572,70811400,2943828
#29,S0da_ash,112384000,115102131,2718131
#30,Rouqz,132229969,134749391,2519422
#31,Ekats_UK,241702628,244046639,2344011
#32,Confused_Seb,18799148,21016390,2217242
#33,Saggy_bewbz,32500922,34615261,2114339
#34,Octive,135606164,137714439,2108275
#35,Ex_hcim_brad,90615795,92607680,1991885
#36,SlackyQQ,127965885,129773906,1808021
#37,Iron_Island,33057353,34738547,1681194
#38,IronSlainRev,42395937,43710216,1314279
#39,Wolowizzle,187180266,188351160,1170894
#40,Putrid,56916336,58082888,1166552
#41,Hovis_loaf,112426315,113533807,1107492
#42,Haaarp,136633287,137307675,674388
#43,Rounder,146922384,147097745,175361
#44,Boy_Jakeob,39424969,39524760,99791
#45,Shuryo_Tora,74446037,74505863,59826