Skill:,TotalXP,,Total XP gained:,15262273
#1,Rounder,101550143,103876873,2326730
#2,Lucky_Lucid,38879526,40150089,1270563
#3,Desabled,211817609,213026852,1209243
#4,Sobrietity,26911056,27990830,1079774
#5,Grazyiron,59748410,60671633,923223
#6,Druknr,102757168,103558302,801134
#7,Aviron_nz,90353139,91075253,722114
#8,Ironodum,432083889,432749187,665298
#9,N64DD,13421833,14075164,653331
#10,Getlowcelot3,65176759,65723746,546987
#11,Kusirusina,44013637,44528615,514978
#12,Master_Beast,172033136,172510979,477843
#13,Karc,218174844,218644961,470117
#14,1iron_Reborn,316836794,317253208,416414
#15,Iron_Smorc,69963732,70356756,393024
#16,L3opoldstoch,29516822,29841273,324451
#17,Boy_Jakeob,26970230,27243312,273082
#18,Goneau,7162711,7420915,258204
#19,Sabin_08,36816335,37050429,234094
#20,Thedyolf,87450182,87640653,190471
#21,Outs,95460971,95636051,175080
#22,Just_Haarp,93927915,94093486,165571
#23,Ir0nman_J0sh,41310568,41446062,135494
#24,Kyopeli,29859304,29988180,128876
#25,Juicy_Orphan,80986831,81112473,125642
#26,Dihl,81504561,81626473,121912
#27,Whats_A_Ge,14234658,14356507,121849
#28,Mr_No_Lift,314774730,314887005,112275
#29,Slique,124960293,125066931,106638
#30,Imcairnsy,58447819,58520762,72943
#31,Solo_deejay,13257068,13327936,70868
#32,Hovmeizter,318127532,318184958,57426
#33,Mrh4mm3r,78823277,78865057,41780
#34,DAMNITrone,10729583,10758137,28554
#35,7_7_3_4,103164684,103187512,22828
#36,Larry_0g,167325781,167336210,10429
#37,Iron_Mikx,60592198,60599948,7750
#38,SlackyQQ,89607351,89611498,4147
#39,Fe_Boney_B,94526389,94527353,964
#40,Virgin_Barry,12577950,12578074,124
#41,Young_X,17568586,17568634,48