Skill:,TotalXP,,Total XP gained:,8976476
#1,S0da_ash,82296427,83395134,1098707
#2,Druknr,163260561,164328433,1067872
#3,Master_beast,242783275,243557335,774060
#4,Thedyolf,137957364,138655950,698586
#5,Temku,72878856,73509334,630478
#6,Iron_flyn,121379543,121977799,598256
#7,Hovis_loaf,56706304,57264513,558209
#8,Jesstice,38376097,38913798,537701
#9,Tetsu_nurtaw,63811402,64252966,441564
#10,Desabled,276234816,276653144,418328
#11,Iron_smorc,121101591,121462130,360539
#12,Constunt,109759855,110023539,263684
#13,Spets,103429216,103682217,253001
#14,Octive,109327339,109576790,249451
#15,Sobrietity,52397149,52617363,220214
#16,IronSlainRev,28111926,28319058,207132
#17,LucyFur_iron,57418827,57597047,178220
#18,Lucky_lucid,54142319,54244355,102036
#19,Getlowcelot3,86333686,86410133,76447
#20,Iron_nimmi,161947301,162017368,70067
#21,Lil_SadBoy,40823136,40884415,61279
#22,Iron_Venema,164432803,164475200,42397
#23,Ex_hcim_brad,80384339,80412339,28000
#24,SlackyQQ,97674197,97700389,26192
#25,Outs,101147023,101159265,12242
#26,J3S5E,67465629,67467443,1814