Skill:,TotalXP,,Total XP gained:,86545064
#1,Tetsu_nurtaw,136792358,142819136,6026778
#2,Iron_Tonkin,115392146,120250406,4858260
#3,Iron_smorc,149567770,154243989,4676219
#4,IronOdum,555395462,559924014,4528552
#5,Druknr,221016900,224902680,3885780
#6,Iron_Venema,200011159,203836902,3825743
#7,Iron_flyn,175184201,178710337,3526136
#8,Home_Workout,102417499,105817903,3400404
#9,Master_beast,297034875,300419880,3385005
#10,Crulious,98672642,102040784,3368142
#11,Getlowcelot3,108207470,111391083,3183613
#12,Iron_nimmi,218928095,221960473,3032378
#13,Conztant,151738209,154568537,2830328
#14,Lucky_Lucid,117511966,120292455,2780489
#15,Temku,116395142,119168733,2773591
#16,Thedyolf,197105947,199862369,2756422
#17,Hovmeizter,445515642,447970227,2454585
#18,Iron_Grumio,192904510,195297333,2392823
#19,LucyFur_iron,77663818,79656083,1992265
#20,Lil_SadBoy,67867572,69846017,1978445
#21,Paganwayz,88468052,90327628,1859576
#22,L3opoldstoch,76303373,77883123,1579750
#23,Tim_fe_rrell,99285253,100778365,1493112
#24,Saggy_bewbz,32500922,33887322,1386400
#25,S0da_ash,112384000,113663555,1279555
#26,Dezq,316463640,317581513,1117873
#27,Hovis_loaf,112426315,113533807,1107492
#28,Iron_Island,33057353,34060307,1002954
#29,Confused_Seb,18799148,19689047,889899
#30,Putrid,56916336,57801574,885238
#31,Octive,135606164,136471819,865655
#32,Ekats_UK,241702628,242510129,807501
#33,HC_Kippster0,12405138,13211258,806120
#34,IronSlainRev,42395937,43154820,758883
#35,SlackyQQ,127965885,128662964,697079
#36,Ex_hcim_brad,90615795,91292902,677107
#37,Dihl,111082136,111755184,673048
#38,Wolowizzle,187180266,187677863,497597
#39,Haaarp,136633287,136811893,178606
#40,Rounder,146922384,147097745,175361
#41,Gat_Damn,16894621,16973763,79142
#42,Shuryo_Tora,74446037,74505863,59826
#43,Boy_Jakeob,39424969,39436301,11332