Skill:,TotalXP,,Total XP gained:,39952345
#1,Getlowcelot3,71332266,75138299,3806033
#2,Thedyolf,121880832,124983314,3102482
#3,HC_Grumio,47938712,50160796,2222084
#4,1iron_Reborn,338758530,340957944,2199414
#5,Tim_fe_rrell,31583611,33776185,2192574
#6,ThedUIM,42288059,44443689,2155630
#7,Sabin_08,55428899,57461967,2033068
#8,Swemf,49741362,51496044,1754682
#9,Iron_Smorc,93898503,95500556,1602053
#10,Iron_Keagan,114742536,116334336,1591800
#11,Kusirusina,56783730,58097929,1314199
#12,The_Roots,57216143,58529353,1313210
#13,Iron_Nimmi,139804309,140869067,1064758
#14,Rouqz,118724164,119716912,992748
#15,Perpetuitate,10110191,11023134,912943
#16,Just_Haarp,104280361,105184964,904603
#17,236P,26005554,26902298,896744
#18,L3opoldstoch,49346606,50226578,879972
#19,Master_Beast,217875691,218677776,802085
#20,Spets,91560630,92327304,766674
#21,Ironodum,469555003,470304607,749604
#22,Desabled,241167798,241881297,713499
#23,Whats_Da_Ge,255606764,256319820,713056
#24,P4y_D1rt,34131794,34829091,697297
#25,Hovmeizter,342197747,342894744,696997
#26,Ex_hcim_brad,65848894,66368732,519838
#27,Iron_Mikx,70782033,71290204,508171
#28,Ir0nman_J0sh,45209586,45700140,490554
#29,Pug_Soup,28885854,29290691,404837
#30,Onkie_donk,52658739,53013106,354367
#31,Solo_deejay,15770382,16078381,307999
#32,Druknr,117991349,118284744,293395
#33,Spartin028,91906814,92153800,246986
#34,Imcairnsy,62970167,63119258,149091
#35,N64DD,18783734,18892153,108419
#36,Juicy_Orphan,85761084,85857473,96389
#37,Virgin_Barry,18309257,18403720,94463
#38,Lolland,58857359,58948276,90917
#39,Slique,139846304,139921627,75323
#40,Mrh4mm3r,86437792,86504099,66307
#41,Paganwayz,62356118,62399949,43831
#42,Rounder,138149052,138172301,23249