Skill:,TotalXP,,Total XP gained:,665150
#1,Temku,72878856,73212511,333655
#2,Thedyolf,137957364,138044851,87487
#3,Sobrietity,52397149,52473308,76159
#4,Druknr,163260561,163328797,68236
#5,Lil_SadBoy,40823136,40862599,39463
#6,Constunt,109759855,109785623,25768
#7,Tetsu_nurtaw,63811402,63829132,17730
#8,LucyFur_iron,57418827,57431460,12633
#9,Octive,109327339,109330677,3338
#10,Spets,103429216,103429897,681