Skill:,TotalXP,,Total XP gained:,43728453
#1,Tim_fe_rrell,19657829,23690389,4032560
#2,1iron_Reborn,329338767,332096385,2757618
#3,Grazyiron,81041072,83467587,2426515
#4,Master_Beast,203215303,205598251,2382948
#5,The_Roots,47139761,49469356,2329595
#6,Thedyolf,106864531,109176265,2311734
#7,ThedUIM,28969348,31191274,2221926
#8,Druknr,111470223,113601141,2130918
#9,Ironodum,454687256,456745853,2058597
#10,Sabin_08,46727931,48666399,1938468
#11,Paganwayz,56544585,58267367,1722782
#12,Imcairnsy,60029838,61557934,1528096
#13,Swemf,39795458,41112780,1317322
#14,Iron_Mikx,65824919,67070884,1245965
#15,Desabled,237852288,239037568,1185280
#16,Mrh4mm3r,84258742,85238247,979505
#17,Pug_Soup,26632409,27605193,972784
#18,Mr_No_Lift,328955883,329857535,901652
#19,Iron_Smorc,89060678,89848570,787892
#20,Lolland,57102163,57809510,707347
#21,Lamfear,178611326,179272182,660856
#22,Onkie_donk,46872112,47522167,650055
#23,L3opoldstoch,41921052,42545640,624588
#24,Spets,87644887,88250335,605448
#25,Rounder,136589720,137190853,601133
#26,Perpetuitate,6079934,6632709,552775
#27,Juicy_Orphan,85051260,85580664,529404
#28,Boy_Jakeob,28578166,29106583,528417
#29,Hovmeizter,339862446,340307093,444647
#30,Ir0nman_J0sh,43186042,43618514,432472
#31,Jhb,374897322,375251141,353819
#32,236P,23851362,24134993,283631
#33,Just_Haarp,100856411,101120797,264386
#34,P4y_D1rt,31290345,31542497,252152
#35,VomitValcano,45258579,45480923,222344
#36,Tetsu_Nurtaw,48361464,48574325,212861
#37,Slique,138873291,139035540,162249
#38,Rouqz,114356281,114486608,130327
#39,Virgin_Barry,17107477,17222628,115151
#40,Whats_Da_Ge,253353737,253439773,86036
#41,Iron_Nimmi,135826142,135864913,38771
#42,Dihl,87317655,87351884,34229
#43,Spartin028,91764310,91767508,3198