Skill:,TotalXP,,Total XP gained:,154740902
#1,Tetsu_nurtaw,136792358,145940728,9148370
#2,IronOdum,555395462,564250337,8854875
#3,Home_Workout,102417499,110850376,8432877
#4,Druknr,221016900,229039243,8022343
#5,Iron_Tonkin,115392146,123085152,7693006
#6,Iron_smorc,149567770,157046109,7478339
#7,Iron_flyn,175184201,182652971,7468770
#8,Master_beast,297034875,303838018,6803143
#9,Iron_Venema,200011159,206714356,6703197
#10,Crulious,98672642,104754612,6081970
#11,Lucky_Lucid,117511966,123069637,5557671
#12,Iron_Grumio,192904510,197986158,5081648
#13,Temku,116395142,121198205,4803063
#14,Conztant,151738209,156521479,4783270
#15,Thedyolf,197105947,201488368,4382421
#16,Iron_nimmi,218928095,223256435,4328340
#17,Hovmeizter,445515642,449562178,4046536
#18,Getlowcelot3,108207470,111553529,3346059
#19,Paganwayz,88468052,91771328,3303276
#20,Dezq,316463640,319696912,3233272
#21,LucyFur_iron,77663818,80889699,3225881
#22,Tim_fe_rrell,99285253,102270912,2985659
#23,Dihl,111082136,113851290,2769154
#24,L3opoldstoch,76303373,78908687,2605314
#25,Lil_SadBoy,67867572,70373728,2506156
#26,Saggy_bewbz,32500922,34573346,2072424
#27,Confused_Seb,18799148,20773323,1974175
#28,S0da_ash,112384000,114338234,1954234
#29,The_Roots,61875502,63622776,1747274
#30,SlackyQQ,127965885,129462059,1496174
#31,Gat_Damn,16894621,18367544,1472923
#32,Octive,135606164,136945964,1339800
#33,Ekats_UK,241702628,242953657,1251029
#34,HC_Kippster0,12405138,13631511,1226373
#35,Putrid,56916336,58082888,1166552
#36,IronSlainRev,42395937,43531970,1136033
#37,Hovis_loaf,112426315,113533807,1107492
#38,Iron_Island,33057353,34088159,1030806
#39,Ex_hcim_brad,90615795,91530234,914439
#40,Wolowizzle,187180266,187905787,725521
#41,Haaarp,136633287,136867811,234524
#42,Rounder,146922384,147097745,175361
#43,Shuryo_Tora,74446037,74505863,59826
#44,Boy_Jakeob,39424969,39436301,11332