Skill:,TotalXP,,Total XP gained:,60840202
#1,Iron_flyn,111527874,118620565,7092691
#2,Thedyolf,129501838,135128979,5627141
#3,Desabled,267101981,272542719,5440738
#4,Druknr,154756976,159687161,4930185
#5,Tetsu_nurtaw,58073391,62644524,4571133
#6,Hovis_loaf,51537716,55284773,3747057
#7,Master_beast,237371778,241042349,3670571
#8,S0da_ash,78168335,81413520,3245185
#9,Temku,67463751,70531130,3067379
#10,Putrid,28292567,30999817,2707250
#11,LucyFur_iron,53050525,55694087,2643562
#12,Ex_hcim_brad,76717627,79124889,2407262
#13,Iron_smorc,116953742,119289837,2336095
#14,Constunt,105847772,107819043,1971271
#15,Octive,105938194,107824902,1886708
#16,Sobrietity,49767572,51586343,1818771
#17,Iron_nimmi,157818045,159547104,1729059
#18,Spets,100101966,100851071,749105
#19,Iron_Venema,163003260,163401770,398510
#20,Getlowcelot3,85150855,85413773,262918
#21,Saggy_bewbz,22134460,22368267,233807
#22,Lil_SadBoy,40528572,40657175,128603
#23,Outs,100943341,101038297,94956
#24,IronSlainRev,28012535,28057011,44476
#25,SlackyQQ,97462803,97498572,35769