Skill:,TotalXP,,Total XP gained:,25626781
#1,Rounder,101550143,104853519,3303376
#2,Ironodum,432083889,433865169,1781280
#3,Karc,218174844,219712317,1537473
#4,Lucky_Lucid,38879526,40413335,1533809
#5,Sobrietity,26911056,28363077,1452021
#6,Desabled,211817609,213026852,1209243
#7,Slique,124960293,126151467,1191174
#8,N64DD,13421833,14593448,1171615
#9,Grazyiron,59748410,60800533,1052123
#10,Aviron_nz,90353139,91345687,992548
#11,Druknr,102757168,103620382,863214
#12,Iron_Smorc,69963732,70815607,851875
#13,7_7_3_4,103164684,103979220,814536
#14,Outs,95460971,96209815,748844
#15,Boy_Jakeob,26970230,27615561,645331
#16,Kusirusina,44013637,44631202,617565
#17,Getlowcelot3,65176759,65744575,567816
#18,L3opoldstoch,29516822,30029659,512837
#19,Sabin_08,36816335,37329059,512724
#20,Master_Beast,172033136,172510979,477843
#21,Kyopeli,29859304,30329110,469806
#22,Juicy_Orphan,80986831,81446479,459648
#23,Goneau,7162711,7589427,426716
#24,1iron_Reborn,316836794,317253208,416414
#25,Solo_deejay,13257068,13556771,299703
#26,Mr_No_Lift,314774730,315072459,297729
#27,Thedyolf,87450182,87640653,190471
#28,Just_Haarp,93927915,94093486,165571
#29,Larry_0g,167325781,167488197,162416
#30,Ir0nman_J0sh,41310568,41446062,135494
#31,Whats_A_Ge,14234658,14359407,124749
#32,Dihl,81504561,81626473,121912
#33,Imcairnsy,58447819,58542739,94920
#34,Iron_Mikx,60592198,60679879,87681
#35,Spartin028,86079944,86161249,81305
#36,SlackyQQ,89607351,89665347,57996
#37,Hovmeizter,318127532,318184958,57426
#38,Mrh4mm3r,78823277,78865057,41780
#39,Whats_Da_Ge,251754529,251785854,31325
#40,DAMNITrone,10729583,10758137,28554
#41,Iron_Nimmi,129185873,129207016,21143
#42,Virgin_Barry,12577950,12593713,15763
#43,Fe_Boney_B,94526389,94527353,964
#44,Young_X,17568586,17568634,48