Skill:,TotalXP,,Total XP gained:,160094580
#1,Tetsu_nurtaw,136792358,146006019,9213661
#2,Iron_flyn,175184201,184363078,9178877
#3,Iron_Tonkin,115392146,124347899,8955753
#4,IronOdum,555395462,564250337,8854875
#5,Home_Workout,102417499,110973262,8555763
#6,Druknr,221016900,229148508,8131608
#7,Iron_smorc,149567770,157359537,7791767
#8,Master_beast,297034875,304134852,7099977
#9,Iron_Venema,200011159,206714356,6703197
#10,Crulious,98672642,104754612,6081970
#11,Lucky_Lucid,117511966,123242104,5730138
#12,Iron_Grumio,192904510,198029341,5124831
#13,Temku,116395142,121346194,4951052
#14,Conztant,151738209,156588758,4850549
#15,Thedyolf,197105947,201658506,4552559
#16,Iron_nimmi,218928095,223276139,4348044
#17,Hovmeizter,445515642,449562178,4046536
#18,Getlowcelot3,108207470,111646767,3439297
#19,LucyFur_iron,77663818,80988358,3324540
#20,Paganwayz,88468052,91771328,3303276
#21,Dezq,316463640,319696912,3233272
#22,Tim_fe_rrell,99285253,102270912,2985659
#23,L3opoldstoch,76303373,79209894,2906521
#24,Dihl,111082136,113851290,2769154
#25,Lil_SadBoy,67867572,70373728,2506156
#26,Saggy_bewbz,32500922,34573346,2072424
#27,Confused_Seb,18799148,20815891,2016743
#28,S0da_ash,112384000,114338234,1954234
#29,The_Roots,61875502,63704283,1828781
#30,Gat_Damn,16894621,18425357,1530736
#31,SlackyQQ,127965885,129477184,1511299
#32,Octive,135606164,136945964,1339800
#33,Ekats_UK,241702628,243005665,1303037
#34,HC_Kippster0,12405138,13672924,1267786
#35,IronSlainRev,42395937,43600792,1204855
#36,Putrid,56916336,58082888,1166552
#37,Hovis_loaf,112426315,113533807,1107492
#38,Iron_Island,33057353,34088159,1030806
#39,Ex_hcim_brad,90615795,91530234,914439
#40,Wolowizzle,187180266,187905787,725521
#41,Haaarp,136633287,136867811,234524
#42,Rounder,146922384,147097745,175361
#43,Shuryo_Tora,74446037,74505863,59826
#44,Boy_Jakeob,39424969,39436301,11332