Skill:,TotalXP,,Total XP gained:,195116171
#1,Tetsu_nurtaw,86221916,104446095,18224179
#2,Master_beast,262348536,276621313,14272777
#3,Hovis_loaf,75950296,87821196,11870900
#4,Iron_flyn,136758235,148369428,11611193
#5,Iron_nimmi,188537213,199743324,11206111
#6,Tim_fe_rrell,74415473,83866880,9451407
#7,IronOdum,497795734,506899988,9104254
#8,Thedyolf,167070908,175888989,8818081
#9,Octive,123373159,132181854,8808695
#10,Druknr,194282413,202322128,8039715
#11,Temku,91144682,98356559,7211877
#12,SlackyQQ,107052956,113838080,6785124
#13,HC_Grumio,92116531,98885404,6768873
#14,Getlowcelot3,95315083,101381109,6066026
#15,Iron_Venema,183829128,189185823,5356695
#16,Lil_SadBoy,52235667,57383220,5147553
#17,Hovmeizter,406922176,412039631,5117455
#18,Iron_smorc,128592489,133150687,4558198
#19,S0da_ash,96190827,100029578,3838751
#20,Saggy_bewbz,22450092,26183713,3733621
#21,TwigQQ,107062850,110442927,3380077
#22,Dezq,306919790,310211567,3291777
#23,L3opoldstoch,72401653,75234062,2832409
#24,Twig_HC,85671,2667305,2581634
#25,Iron_Island,21767277,24236358,2469081
#26,IronSlainRev,33557837,35987153,2429316
#27,Spets,119974269,122099704,2125435
#28,Shuryo_Tora,70904225,72987684,2083459
#29,Putrid,42923145,44929099,2005954
#30,HC_Kippster0,2653663,4229952,1576289
#31,LucyFur_iron,70858509,72317574,1459065
#32,Ex_hcim_brad,84614851,86033724,1418873
#33,Jesstice,47825344,48825430,1000086
#34,Ekats_UK,221130817,221404271,273454
#35,Rounder,142196356,142394133,197777