Skill:,TotalXP,,Total XP gained:,914104
#1,Temku,72878856,73212511,333655
#2,Spets,103429216,103587186,157970
#3,Sobrietity,52397149,52535065,137916
#4,Thedyolf,137957364,138044851,87487
#5,Druknr,163260561,163328797,68236
#6,Lil_SadBoy,40823136,40862599,39463
#7,Octive,109327339,109358461,31122
#8,Constunt,109759855,109785623,25768
#9,Tetsu_nurtaw,63811402,63831182,19780
#10,LucyFur_iron,57418827,57431460,12633
#11,Outs,101147023,101147097,74