Skill:,TotalXP,,Total XP gained:,193789927
#1,Iron_Tonkin,115392146,126964335,11572189
#2,IronOdum,555395462,565567895,10172433
#3,Iron_flyn,175184201,185265517,10081316
#4,Tetsu_nurtaw,136792358,146864069,10071711
#5,Home_Workout,102417499,112212767,9795268
#6,Druknr,221016900,230435815,9418915
#7,Iron_smorc,149567770,158403187,8835417
#8,Iron_Venema,200011159,208511669,8500510
#9,Master_beast,297034875,305051554,8016679
#10,Crulious,98672642,106219824,7547182
#11,Lucky_Lucid,117511966,124791048,7279082
#12,Iron_nimmi,218928095,225248822,6320727
#13,Iron_Grumio,192904510,198776673,5872163
#14,Conztant,151738209,157485836,5747627
#15,Temku,116395142,121934727,5539585
#16,Thedyolf,197105947,202503390,5397443
#17,Getlowcelot3,108207470,112906350,4698880
#18,Hovmeizter,445515642,449956174,4440532
#19,L3opoldstoch,76303373,80620741,4317368
#20,LucyFur_iron,77663818,81801743,4137925
#21,Dezq,316463640,320548477,4084837
#22,Paganwayz,88468052,92028799,3560747
#23,Dihl,111082136,114441247,3359111
#24,Tim_fe_rrell,99285253,102500288,3215035
#25,Gat_Damn,16894621,20034217,3139596
#26,Lil_SadBoy,67867572,70562711,2695139
#27,The_Roots,61875502,64548439,2672937
#28,S0da_ash,112384000,115024078,2640078
#29,Confused_Seb,18799148,20919574,2120426
#30,Saggy_bewbz,32500922,34615261,2114339
#31,Ekats_UK,241702628,243725391,2022763
#32,HC_Kippster0,12405138,14362560,1957422
#33,Octive,135606164,137382706,1776542
#34,SlackyQQ,127965885,129503262,1537377
#35,Iron_Island,33057353,34416697,1359344
#36,IronSlainRev,42395937,43691074,1295137
#37,Ex_hcim_brad,90615795,91813088,1197293
#38,Putrid,56916336,58082888,1166552
#39,Hovis_loaf,112426315,113533807,1107492
#40,Rouqz,132229969,133308570,1078601
#41,Wolowizzle,187180266,188189995,1009729
#42,Haaarp,136633287,137303246,669959
#43,Rounder,146922384,147097745,175361
#44,Shuryo_Tora,74446037,74505863,59826
#45,Boy_Jakeob,39424969,39436301,11332