Skill:,TotalXP,,Total XP gained:,37243011
#1,Tetsu_nurtaw,86221916,89760083,3538167
#2,Iron_nimmi,188537213,191817457,3280244
#3,Master_beast,262348536,265083919,2735383
#4,Thedyolf,167070908,169544355,2473447
#5,SlackyQQ,107052956,109085842,2032886
#6,IronOdum,497795734,499713765,1918031
#7,Lucky_lucid,86146653,88007881,1861228
#8,Getlowcelot3,95315083,96838679,1523596
#9,Tim_fe_rrell,74415473,75933089,1517616
#10,Druknr,194282413,195716770,1434357
#11,Dezq,306919790,308277088,1357298
#12,Iron_Venema,183829128,185116444,1287316
#13,Hovmeizter,406922176,408049788,1127612
#14,HC_Grumio,92116531,93224034,1107503
#15,Octive,123373159,124465228,1092069
#16,Iron_smorc,128592489,129668232,1075743
#17,Temku,91144682,92213432,1068750
#18,S0da_ash,96190827,97076645,885818
#19,TwigQQ,107062850,107899346,836496
#20,Lil_SadBoy,52235667,53058909,823242
#21,Iron_flyn,136758235,137517152,758917
#22,IronSlainRev,33557837,34185371,627534
#23,L3opoldstoch,72401653,73026313,624660
#24,Hovis_loaf,75950296,76564361,614065
#25,LucyFur_iron,70858509,71279184,420675
#26,Shuryo_Tora,70904225,71294225,390000
#27,Spets,119974269,120363129,388860
#28,HC_Kippster0,2653663,2931380,277717
#29,Ex_hcim_brad,84614851,84776457,161606
#30,Rounder,142196356,142198531,2175