Skill:,TotalXP,,Total XP gained:,17884963
#1,Desabled,267101981,269180711,2078730
#2,S0da_ash,78168335,80083503,1915168
#3,Iron_flyn,111527874,113416634,1888760
#4,Temku,67463751,69112102,1648351
#5,Thedyolf,129501838,130603510,1101672
#6,Master_beast,237371778,238454526,1082748
#7,Tetsu_nurtaw,58073391,59100221,1026830
#8,Druknr,154756976,155758379,1001403
#9,Hovis_loaf,51537716,52509243,971527
#10,Ex_hcim_brad,76717627,77552101,834474
#11,Putrid,28292567,29058480,765913
#12,LucyFur_iron,53050525,53753347,702822
#13,Sobrietity,49767572,50421321,653749
#14,Constunt,105847772,106448334,600562
#15,Iron_smorc,116953742,117501282,547540
#16,Iron_nimmi,157818045,158358256,540211
#17,Octive,105938194,106216489,278295
#18,Saggy_bewbz,22134460,22368267,233807
#19,IronSlainRev,28012535,28024936,12401