Skill:,TotalXP,,Total XP gained:,977777
#1,Tim_fe_rrell,19657829,20139417,481588
#2,Mr_No_Lift,328955883,329198542,242659
#3,Sabin_08,46727931,46797515,69584
#4,Iron_Smorc,89060678,89114478,53800
#5,Mrh4mm3r,84258742,84298098,39356
#6,Ir0nman_J0sh,43186042,43214242,28200
#7,The_Roots,47139761,47164550,24789
#8,Grazyiron,81041072,81059356,18284
#9,Boy_Jakeob,28578166,28592328,14162
#10,1iron_Reborn,329338767,329344119,5352
#11,Druknr,111470223,111470226,3