Skill:,TotalXP,,Total XP gained:,220379275
#1,Tetsu_nurtaw,86221916,105273815,19051899
#2,Master_beast,262348536,277351447,15002911
#3,Hovis_loaf,75950296,90167860,14217564
#4,Iron_flyn,136758235,149322213,12563978
#5,Iron_nimmi,188537213,200249614,11712401
#6,Tim_fe_rrell,74415473,84440925,10025452
#7,IronOdum,497795734,507538266,9742532
#8,Thedyolf,167070908,176745677,9674769
#9,Octive,123373159,132557471,9184312
#10,Druknr,194282413,202922988,8640575
#11,LuckyLucidQQ,86146653,94361860,8215207
#12,Temku,91144682,98939249,7794567
#13,SlackyQQ,107052956,114534104,7481148
#14,HC_Grumio,92116531,99591980,7475449
#15,Getlowcelot3,95315083,102368385,7053302
#16,Hovmeizter,406922176,413127258,6205082
#17,Iron_Venema,183829128,189483249,5654121
#18,Lil_SadBoy,52235667,57543133,5307466
#19,Iron_smorc,128592489,133439845,4847356
#20,Saggy_bewbz,22450092,26502347,4052255
#21,S0da_ash,96190827,100077299,3886472
#22,TwigQQ,107062850,110442927,3380077
#23,Dezq,306919790,310211567,3291777
#24,Iron_Island,21767277,24697055,2929778
#25,Spets,119974269,122881699,2907430
#26,L3opoldstoch,72401653,75234062,2832409
#27,IronSlainRev,33557837,36277871,2720034
#28,Putrid,42923145,45635924,2712779
#29,Twig_HC,85671,2667305,2581634
#30,Shuryo_Tora,70904225,73075320,2171095
#31,LucyFur_iron,70858509,72606545,1748036
#32,HC_Kippster0,2653663,4363174,1709511
#33,Ex_hcim_brad,84614851,86209348,1594497
#34,Jesstice,47825344,48881185,1055841
#35,Ekats_UK,221130817,221473171,342354
#36,Rounder,142196356,142514463,318107
#37,Paganwayz,70903887,71031822,127935
#38,Haaarp,134298782,134400470,101688
#39,Conztant,136815928,136881403,65475