Skill:,TotalXP,,Total XP gained:,4519096
#1,Crulious,111348420,111969694,621274
#2,Lucky_Lucid,128403658,128796033,392375
#3,Rouqz,140373594,140731091,357497
#4,Thedyolf,211962911,212311393,348482
#5,Druknr,240201603,240492972,291369
#6,Home_Workout,119921407,120190146,268739
#7,Iron_Venema,215883870,216136065,252195
#8,Gat_Damn,24337424,24545410,207986
#9,Octive,139844876,140032436,187560
#10,Master_beast,310014357,310167814,153457
#11,Iron_Tonkin,139690321,139835890,145569
#12,Snatzkoning,90929418,91067880,138462
#13,LucyFur_iron,87836824,87971526,134702
#14,Dihl,118720896,118842116,121220
#15,Hovmeizter,452185587,452300320,114733
#16,Iron_flyn,198627809,198741478,113669
#17,The_Roots,75971764,76074787,103023
#18,Iron_smorc,161206248,161306369,100121
#19,Dezq,323536408,323614067,77659
#20,SlackyQQ,131022035,131097209,75174
#21,S0da_ash,117781575,117853893,72318
#22,L3opoldstoch,86226420,86283166,56746
#23,Iron_Island,35143747,35196995,53248
#24,Getlowcelot3,114917394,114968344,50950
#25,Ekats_UK,245725092,245765375,40283
#26,Iron_nimmi,230842607,230864335,21728
#27,Haaarp,138156231,138169070,12839
#28,HC_Kippster0,18911773,18917491,5718