Skill:,TotalXP,,Total XP gained:,81487136
#1,The_Roots,47139761,53663253,6523492
#2,Grazyiron,81041072,87208226,6167154
#3,Tim_fe_rrell,19657829,25757652,6099823
#4,1iron_Reborn,329338767,334802805,5464038
#5,Ironodum,454687256,458985942,4298686
#6,Master_Beast,203215303,207355631,4140328
#7,ThedUIM,28969348,32985948,4016600
#8,Thedyolf,106864531,110812472,3947941
#9,Druknr,111470223,114886299,3416076
#10,Sabin_08,46727931,49723259,2995328
#11,Swemf,39795458,42772549,2977091
#12,Imcairnsy,60029838,62254564,2224726
#13,Onkie_donk,46872112,49050311,2178199
#14,Paganwayz,56544585,58628791,2084206
#15,Iron_Mikx,65824919,67861630,2036711
#16,Desabled,237852288,239818493,1966205
#17,Mrh4mm3r,84258742,86089326,1830584
#18,L3opoldstoch,41921052,43645151,1724099
#19,Lamfear,178611326,180090924,1479598
#20,Pug_Soup,26632409,28067224,1434815
#21,Mr_No_Lift,328955883,330102771,1146888
#22,Boy_Jakeob,28578166,29662251,1084085
#23,Ir0nman_J0sh,43186042,44243129,1057087
#24,Iron_Smorc,89060678,90066595,1005917
#25,Perpetuitate,6079934,7078630,998696
#26,Lolland,57102163,57993145,890982
#27,Just_Haarp,100856411,101740191,883780
#28,Rounder,136589720,137388603,798883
#29,P4y_D1rt,31290345,32034236,743891
#30,236P,23851362,24578021,726659
#31,Hovmeizter,339862446,340586067,723621
#32,Juicy_Orphan,85051260,85751060,699800
#33,Spets,87644887,88250335,605448
#34,Iron_Nimmi,135826142,136423144,597002
#35,VomitValcano,45258579,45763091,504512
#36,Whats_Da_Ge,253353737,253786714,432977
#37,Jhb,374897322,375251141,353819
#38,Rouqz,114356281,114684881,328600
#39,Tetsu_Nurtaw,48361464,48678983,317519
#40,Slique,138873291,139035540,162249
#41,Dihl,87317655,87475902,158247
#42,Virgin_Barry,17107477,17263253,155776
#43,Kusirusina,55041197,55142997,101800
#44,Spartin028,91764310,91767508,3198