Skill:,TotalXP,,Total XP gained:,85562081
#1,Dezq,295039941,302321666,7281725
#2,Lucky_lucid,67308674,74505450,7196776
#3,Iron_nimmi,171799199,177504844,5705645
#4,Thedyolf,149951372,155595642,5644270
#5,Druknr,180515633,185481820,4966187
#6,Iron_Venema,169259654,173895751,4636097
#7,Spets,111651581,116207429,4555848
#8,Master_beast,248514727,252954356,4439629
#9,Jesstice,41046681,45079924,4033243
#10,LucyFur_iron,64293315,67884708,3591393
#11,Temku,79729035,83153679,3424644
#12,Sobrietity,59485775,62791134,3305359
#13,Hovmeizter,397244475,400510854,3266379
#14,Iron_flyn,133685102,136758235,3073133
#15,Octive,115033754,117963221,2929467
#16,Lil_SadBoy,46848606,49772540,2923934
#17,HC_Grumio,81842943,84689529,2846586
#18,Tetsu_nurtaw,68232570,70458225,2225655
#19,Getlowcelot3,90521608,92420844,1899236
#20,Hovis_loaf,66978218,68654249,1676031
#21,Putrid,40775226,42177991,1402765
#22,IronSlainRev,30950159,32260800,1310641
#23,L3opoldstoch,65285054,66166775,881721
#24,Iron_smorc,125349693,126215510,865817
#25,Taak-o,119764818,120198627,433809
#26,SlackyQQ,101107351,101514987,407636
#27,Rounder,138642777,138968840,326063
#28,Ex_hcim_brad,82952029,83193321,241292
#29,S0da_ash,92863702,92934802,71100