Skill:,TotalXP,,Total XP gained:,96006473
#1,Iron_flyn,111527874,121347413,9819539
#2,Desabled,267101981,275873358,8771377
#3,Druknr,154756976,163236485,8479509
#4,Thedyolf,129501838,137435686,7933848
#5,Tetsu_nurtaw,58073391,63794078,5720687
#6,Master_beast,237371778,242783189,5411411
#7,Hovis_loaf,51537716,56687844,5150128
#8,Temku,67463751,72514166,5050415
#9,Putrid,28292567,32855285,4562718
#10,Iron_smorc,116953742,120990555,4036813
#11,LucyFur_iron,53050525,57080584,4030059
#12,Constunt,105847772,109758280,3910508
#13,S0da_ash,78168335,82018731,3850396
#14,Ex_hcim_brad,76717627,80296441,3578814
#15,Iron_nimmi,157818045,161321190,3503145
#16,Octive,105938194,109263017,3324823
#17,Spets,100101966,102943874,2841908
#18,Sobrietity,49767572,52377829,2610257
#19,Iron_Venema,163003260,164423260,1420000
#20,Getlowcelot3,85150855,86142039,991184
#21,Lil_SadBoy,40528572,40820585,292013
#22,Saggy_bewbz,22134460,22368267,233807
#23,SlackyQQ,97462803,97674197,211394
#24,Outs,100943341,101117733,174392
#25,IronSlainRev,28012535,28109863,97328