Skill:,TotalXP,,Total XP gained:,3589858
#1,Temku,67463751,67962472,498721
#2,Desabled,267101981,267579118,477137
#3,Iron_flyn,111527874,111865652,337778
#4,S0da_ash,78168335,78471197,302862
#5,Putrid,28292567,28579865,287298
#6,Iron_nimmi,157818045,158080564,262519
#7,Ex_hcim_brad,76717627,76928706,211079
#8,Druknr,154756976,154965801,208825
#9,Master_beast,237371778,237571423,199645
#10,Sobrietity,49767572,49951881,184309
#11,Hovis_loaf,51537716,51704684,166968
#12,Thedyolf,129501838,129661901,160063
#13,Constunt,105847772,105936237,88465
#14,Octive,105938194,106009160,70966
#15,Tetsu_nurtaw,58073391,58116722,43331
#16,Saggy_bewbz,22134460,22176797,42337
#17,LucyFur_iron,53050525,53089889,39364
#18,IronSlainRev,28012535,28020726,8191