Skill:,TotalXP,,Total XP gained:,87398011
#1,Tetsu_nurtaw,86221916,94618386,8396470
#2,Iron_nimmi,188537213,195553101,7015888
#3,Master_beast,262348536,269257025,6908489
#4,Thedyolf,167070908,172216701,5145793
#5,Tim_fe_rrell,74415473,79015597,4600124
#6,IronOdum,497795734,502169216,4373482
#7,Druknr,194282413,198535989,4253576
#8,Iron_flyn,136758235,140864487,4106252
#9,Octive,123373159,127310770,3937611
#10,SlackyQQ,107052956,110986065,3933109
#11,Iron_smorc,128592489,131507168,2914679
#12,Dezq,306919790,309828142,2908352
#13,Temku,91144682,93842635,2697953
#14,Lil_SadBoy,52235667,54843696,2608029
#15,S0da_ash,96190827,98780218,2589391
#16,Getlowcelot3,95315083,97850502,2535419
#17,HC_Grumio,92116531,94588911,2472380
#18,Iron_Venema,183829128,186242652,2413524
#19,TwigQQ,107062850,109448260,2385410
#20,Hovmeizter,406922176,409260834,2338658
#21,L3opoldstoch,72401653,74161001,1759348
#22,Hovis_loaf,75950296,77580816,1630520
#23,IronSlainRev,33557837,34517745,959908
#24,LucyFur_iron,70858509,71703713,845204
#25,Shuryo_Tora,70904225,71735685,831460
#26,HC_Kippster0,2653663,3418198,764535
#27,Jesstice,47825344,48436446,611102
#28,Saggy_bewbz,22450092,23048315,598223
#29,Ex_hcim_brad,84614851,85086938,472087
#30,Spets,119974269,120363129,388860
#31,Rounder,142196356,142198531,2175