Skill:,TotalXP,,Total XP gained:,231070792
#1,Iron_Tonkin,115392146,131848293,16456147
#2,Iron_flyn,175184201,187375089,12190888
#3,Home_Workout,102417499,114580060,12162561
#4,Tetsu_nurtaw,136792358,148103335,11310977
#5,Druknr,221016900,232326997,11310097
#6,Iron_Venema,200011159,210263302,10252143
#7,IronOdum,555395462,565608238,10212776
#8,Iron_smorc,149567770,159050850,9483080
#9,Master_beast,297034875,306442868,9407993
#10,Iron_nimmi,218928095,228334881,9406786
#11,Crulious,98672642,106900802,8228160
#12,Lucky_Lucid,117511966,125643226,8131260
#13,Thedyolf,197105947,204028936,6922989
#14,Iron_Grumio,192904510,199143280,6238770
#15,Temku,116395142,122500053,6104911
#16,The_Roots,61875502,67765793,5890291
#17,Getlowcelot3,108207470,113702258,5494788
#18,LucyFur_iron,77663818,83133960,5470142
#19,L3opoldstoch,76303373,81638105,5334732
#20,Dezq,316463640,321601123,5137483
#21,Hovmeizter,445515642,450363662,4848020
#22,Dihl,111082136,115929281,4847145
#23,Gat_Damn,16894621,21497211,4602590
#24,Tim_fe_rrell,99285253,103744084,4458831
#25,Paganwayz,88468052,92111287,3643235
#26,HC_Kippster0,12405138,15961533,3556395
#27,Lil_SadBoy,67867572,70827263,2959691
#28,S0da_ash,112384000,115102131,2718131
#29,Rouqz,132229969,134926057,2696088
#30,Ekats_UK,241702628,244166888,2464260
#31,Confused_Seb,18799148,21174284,2375136
#32,Octive,135606164,137973729,2367565
#33,Ex_hcim_brad,90615795,92917449,2301654
#34,Saggy_bewbz,32500922,34747866,2246944
#35,SlackyQQ,127965885,129844329,1878444
#36,Iron_Island,33057353,34867558,1810205
#37,IronSlainRev,42395937,43747450,1351513
#38,Wolowizzle,187180266,188427735,1247469
#39,Putrid,56916336,58082888,1166552
#40,Hovis_loaf,112426315,113533807,1107492
#41,Haaarp,136633287,137387032,753745
#42,Rounder,146922384,147097745,175361
#43,Snatzkoning,89115845,89268160,152315
#44,Boy_Jakeob,39424969,39555343,130374
#45,Shuryo_Tora,74446037,74505863,59826
#46,1Iron_Reborn,391824559,391829396,4837