Skill:,TotalXP,,Total XP gained:,6537317
#1,S0da_ash,82296427,83315612,1019185
#2,Iron_flyn,121379543,121977799,598256
#3,Jesstice,38376097,38913798,537701
#4,Hovis_loaf,56706304,57204915,498611
#5,Temku,72878856,73375669,496813
#6,Druknr,163260561,163736711,476150
#7,Thedyolf,137957364,138363403,406039
#8,Iron_smorc,121101591,121462130,360539
#9,Tetsu_nurtaw,63811402,64144882,333480
#10,Master_beast,242783275,243099576,316301
#11,Octive,109327339,109576790,249451
#12,Desabled,276234816,276459491,224675
#13,Constunt,109759855,109948850,188995
#14,LucyFur_iron,57418827,57577425,158598
#15,Spets,103429216,103587186,157970
#16,Sobrietity,52397149,52535065,137916
#17,IronSlainRev,28111926,28241444,129518
#18,Getlowcelot3,86333686,86410133,76447
#19,Lil_SadBoy,40823136,40878874,55738
#20,Iron_Venema,164432803,164465719,32916
#21,Ex_hcim_brad,80384339,80412339,28000
#22,SlackyQQ,97674197,97700389,26192
#23,Lucky_lucid,54142319,54156089,13770
#24,Outs,101147023,101159265,12242
#25,J3S5E,67465629,67467443,1814