Skill:,TotalXP,,Total XP gained:,1304320
#1,Dihl,84437525,84707406,269881
#2,Spartin028,89813164,90053166,240002
#3,Thedyolf,92165204,92317609,152405
#4,Iron_Smorc,80769901,80881299,111398
#5,Mr_No_Lift,322137467,322227016,89549
#6,Grazyiron,69932985,70020240,87255
#7,Master_Beast,189555576,189640951,85375
#8,Imcairnsy,58574468,58658842,84374
#9,Rounder,124787177,124863198,76021
#10,Sobrietity,37224751,37287482,62731
#11,1iron_Reborn,321775334,321820663,45329