Skill:,TotalXP,,Total XP gained:,113351113
#1,Tetsu_nurtaw,136792358,145351255,8558897
#2,Iron_smorc,149567770,155636476,6068706
#3,IronOdum,555395462,561379706,5984244
#4,Iron_Tonkin,115392146,121033921,5641775
#5,Druknr,221016900,226474774,5457874
#6,Iron_flyn,175184201,180052646,4868445
#7,Home_Workout,102417499,107194544,4777045
#8,Iron_Venema,200011159,204775441,4764282
#9,Master_beast,297034875,301696941,4662066
#10,Conztant,151738209,155911504,4173295
#11,Lucky_Lucid,117511966,121684919,4172953
#12,Temku,116395142,120249899,3854757
#13,Crulious,98672642,102397730,3725088
#14,Thedyolf,197105947,200608942,3502995
#15,Iron_nimmi,218928095,222381108,3453013
#16,Iron_Grumio,192904510,196323470,3418960
#17,Hovmeizter,445515642,448883050,3367408
#18,Getlowcelot3,108207470,111391083,3183613
#19,Tim_fe_rrell,99285253,102270912,2985659
#20,LucyFur_iron,77663818,80199831,2536013
#21,Paganwayz,88468052,90659688,2191636
#22,Lil_SadBoy,67867572,69975956,2108384
#23,L3opoldstoch,76303373,78345062,2041689
#24,Dezq,316463640,318303729,1840089
#25,Saggy_bewbz,32500922,34210831,1709909
#26,S0da_ash,112384000,114003751,1619751
#27,Confused_Seb,18799148,20107495,1308347
#28,Dihl,111082136,112208146,1126010
#29,Hovis_loaf,112426315,113533807,1107492
#30,Putrid,56916336,57933757,1017421
#31,Iron_Island,33057353,34060307,1002954
#32,Ekats_UK,241702628,242679283,976655
#33,Octive,135606164,136532807,926643
#34,HC_Kippster0,12405138,13226810,821672
#35,IronSlainRev,42395937,43193585,797648
#36,Ex_hcim_brad,90615795,91318228,702433
#37,SlackyQQ,127965885,128662964,697079
#38,Wolowizzle,187180266,187854595,674329
#39,Gat_Damn,16894621,17493762,599141
#40,The_Roots,61875502,62363496,487994
#41,Haaarp,136633287,136823517,190230
#42,Rounder,146922384,147097745,175361
#43,Shuryo_Tora,74446037,74505863,59826
#44,Boy_Jakeob,39424969,39436301,11332