Skill:,TotalXP,,Total XP gained:,7343033
#1,Druknr,240201603,240903546,701943
#2,Crulious,111348420,111969694,621274
#3,The_Roots,75971764,76520288,548524
#4,Home_Workout,119921407,120412584,491177
#5,Iron_Venema,215883870,216361789,477919
#6,Lucky_Lucid,128403658,128867589,463931
#7,Rouqz,140373594,140731091,357497
#8,Thedyolf,211962911,212311393,348482
#9,Octive,139844876,140117362,272486
#10,Master_beast,310014357,310282106,267749
#11,Dihl,118720896,118972076,251180
#12,Hovmeizter,452185587,452420788,235201
#13,Gat_Damn,24337424,24545410,207986
#14,Dezq,323536408,323735323,198915
#15,LucyFur_iron,87836824,88033254,196430
#16,Snatzkoning,90929418,91123404,193986
#17,SlackyQQ,131022035,131215696,193661
#18,Ekats_UK,245725092,245907968,182876
#19,Iron_Tonkin,139690321,139856588,166267
#20,L3opoldstoch,86226420,86378976,152556
#21,S0da_ash,117781575,117914351,132776
#22,Tim_fe_rrell,106541876,106665963,124087
#23,Iron_flyn,198627809,198741478,113669
#24,Iron_Island,35143747,35254533,110786
#25,Iron_smorc,161206248,161309025,102777
#26,HC_Kippster0,18911773,18990885,79112
#27,Getlowcelot3,114917394,114968344,50950
#28,Iron_nimmi,230842607,230891774,49167
#29,1Iron_Reborn,394142771,394179601,36830
#30,Haaarp,138156231,138169070,12839