Skill:,TotalXP,,Total XP gained:,32692162
#1,Tim_fe_rrell,19657829,23475208,3817379
#2,Thedyolf,106864531,108777812,1913281
#3,1iron_Reborn,329338767,331240530,1901763
#4,Grazyiron,81041072,82741566,1700494
#5,Ironodum,454687256,456224775,1537519
#6,ThedUIM,28969348,30461230,1491882
#7,The_Roots,47139761,48578417,1438656
#8,Imcairnsy,60029838,61453309,1423471
#9,Master_Beast,203215303,204531881,1316578
#10,Druknr,111470223,112730053,1259830
#11,Desabled,237852288,239037042,1184754
#12,Sabin_08,46727931,47735176,1007245
#13,Paganwayz,56544585,57537197,992612
#14,Mrh4mm3r,84258742,85231224,972482
#15,Swemf,39795458,40697851,902393
#16,Iron_Smorc,89060678,89842229,781551
#17,Lolland,57102163,57809510,707347
#18,Iron_Mikx,65824919,66489375,664456
#19,Onkie_donk,46872112,47522167,650055
#20,Mr_No_Lift,328955883,329583299,627416
#21,Spets,87644887,88250335,605448
#22,Pug_Soup,26632409,27216041,583632
#23,Perpetuitate,6079934,6611839,531905
#24,Juicy_Orphan,85051260,85580664,529404
#25,Boy_Jakeob,28578166,29106583,528417
#26,Rounder,136589720,137086965,497245
#27,L3opoldstoch,41921052,42408599,487547
#28,Hovmeizter,339862446,340307093,444647
#29,Jhb,374897322,375251141,353819
#30,Ir0nman_J0sh,43186042,43525871,339829
#31,Lamfear,178611326,178896249,284923
#32,236P,23851362,24097098,245736
#33,P4y_D1rt,31290345,31526509,236164
#34,Just_Haarp,100856411,101030697,174286
#35,Slique,138873291,139021517,148226
#36,Rouqz,114356281,114486577,130296
#37,Tetsu_Nurtaw,48361464,48475227,113763
#38,VomitValcano,45258579,45347136,88557
#39,Dihl,87317655,87351884,34229
#40,Virgin_Barry,17107477,17128004,20527
#41,Iron_Nimmi,135826142,135845342,19200
#42,Spartin028,91764310,91767508,3198