Skill:,TotalXP,,Total XP gained:,1167636
#1,Tim_fe_rrell,19657829,20195167,537338
#2,Mr_No_Lift,328955883,329198542,242659
#3,ThedUIM,28969348,29103457,134109
#4,Sabin_08,46727931,46797515,69584
#5,Iron_Smorc,89060678,89114478,53800
#6,Mrh4mm3r,84258742,84298098,39356
#7,Ir0nman_J0sh,43186042,43214242,28200
#8,The_Roots,47139761,47164550,24789
#9,Grazyiron,81041072,81059356,18284
#10,Boy_Jakeob,28578166,28592328,14162
#11,1iron_Reborn,329338767,329344119,5352
#12,Druknr,111470223,111470226,3