Skill:,TotalXP,,Total XP gained:,199537654
#1,Lucky_lucid,67308674,82626242,15317568
#2,Thedyolf,149951372,162686529,12735157
#3,Iron_nimmi,171799199,184087040,12287841
#4,Iron_Venema,169259654,180756104,11496450
#5,Tetsu_nurtaw,68232570,79724000,11491430
#6,Druknr,180515633,191550355,11034722
#7,Dezq,295039941,305917318,10877377
#8,Hovmeizter,397244475,406082417,8837942
#9,Temku,79729035,88412377,8683342
#10,Master_beast,248514727,257128762,8614035
#11,HC_Grumio,81842943,90295341,8452398
#12,Hovis_loaf,66978218,74128149,7149931
#13,Spets,111651581,118654151,7002570
#14,L3opoldstoch,65285054,71654802,6369748
#15,Jesstice,41046681,47270394,6223713
#16,LucyFur_iron,64293315,70130757,5837442
#17,Tim_fe_rrell,67794933,73132121,5337188
#18,Lil_SadBoy,46848606,51980814,5132208
#19,Taak-o,119764818,124780900,5016082
#20,Sobrietity,59485775,64242340,4756565
#21,Octive,115033754,119313504,4279750
#22,SlackyQQ,101107351,104746257,3638906
#23,Rounder,138642777,141816130,3173353
#24,Iron_flyn,133685102,136758235,3073133
#25,Iron_smorc,125349693,128263472,2913779
#26,IronSlainRev,30950159,33363486,2413327
#27,Getlowcelot3,90521608,92913556,2391948
#28,Putrid,40775226,42923145,2147919
#29,S0da_ash,92863702,94185407,1321705
#30,Ex_hcim_brad,82952029,83929467,977438
#31,Shuryo_Tora,70231078,70497065,265987
#32,Name_Snlped,105231095,105387327,156232
#33,HC_Kippster0,2212815,2343283,130468