Skill:,TotalXP,,Total XP gained:,68861714
#1,Druknr,240201603,245464829,5263226
#2,Iron_flyn,198627809,202911543,4283734
#3,Thedyolf,211962911,215806456,3843545
#4,Home_Workout,119921407,123371349,3449942
#5,The_Roots,75971764,79302151,3330387
#6,Gat_Damn,24337424,27530067,3192643
#7,Lucky_Lucid,128403658,131462806,3059148
#8,Crulious,111348420,114396225,3047805
#9,Iron_Venema,215883870,218872976,2989106
#10,Rouqz,140373594,143326110,2952516
#11,Dezq,323536408,326347391,2810983
#12,Iron_Tonkin,139690321,142382680,2692359
#13,Dihl,118720896,121262904,2542008
#14,Master_beast,310014357,312088300,2073943
#15,S0da_ash,117781575,119637100,1855525
#16,Ekats_UK,245725092,247509823,1784731
#17,LucyFur_iron,87836824,89588802,1751978
#18,Iron_nimmi,230842607,232578251,1735644
#19,L3opoldstoch,86226420,87946884,1720464
#20,HC_Kippster0,18911773,20356137,1444364
#21,Iron_smorc,161206248,162611416,1405168
#22,Snatzkoning,90929418,92266569,1337151
#23,Ex_hcim_brad,97674672,98965688,1291016
#24,Temku,124772757,126003272,1230515
#25,Octive,139844876,141015074,1170198
#26,Tim_fe_rrell,106541876,107621919,1080043
#27,Hovmeizter,452185587,453189176,1003589
#28,1Iron_Reborn,394142771,395134140,991369
#29,SlackyQQ,131022035,131950902,928867
#30,Iron_Grumio,200492876,201310073,817197
#31,Salty_Seb,1242642,1740581,497939
#32,Wolowizzle,188669307,188928456,259149
#33,Lil_SadBoy,71378359,71595644,217285
#34,Confused_Seb,22668669,22853671,185002
#35,Iron_Island,35143747,35295649,151902
#36,IronSlainRev,44443423,44576197,132774
#37,Tetsu_nurtaw,151882806,152011436,128630
#38,Getlowcelot3,114917394,115037135,119741
#39,Haaarp,138156231,138217437,61206
#40,Boy_Jakeob,39571229,39600151,28922