Skill:,TotalXP,,Total XP gained:,169704048
#1,Thedyolf,92165204,102749482,10584278
#2,Master_Beast,189555576,199750244,10194668
#3,Rounder,124787177,134636049,9848872
#4,Ironodum,442821516,452499496,9677980
#5,Desabled,227820522,237407247,9586725
#6,Hovmeizter,331371870,339606406,8234536
#7,Lamfear,168876446,176726187,7849741
#8,Iron_Smorc,80769901,88600498,7830597
#9,ThedUIM,20923101,27419395,6496294
#10,Grazyiron,69932985,76345908,6412923
#11,1iron_Reborn,321775334,327513575,5738241
#12,VomitValcano,39441973,45100438,5658465
#13,Swemf,31870685,37527680,5656995
#14,L3opoldstoch,35898284,40949696,5051412
#15,The_Roots,37177813,42019986,4842173
#16,Onkie_donk,41700394,46433124,4732730
#17,Mr_No_Lift,322137467,326562573,4425106
#18,Pug_Soup,21397823,25499331,4101508
#19,Sabin_08,41670042,45298695,3628653
#20,Kyopeli,34560070,38182477,3622407
#21,Kusirusina,51595406,55041197,3445791
#22,Rouqz,111146127,114176661,3030534
#23,Iron_Mikx,61525365,64124726,2599361
#24,Mrh4mm3r,80457189,82937983,2480794
#25,236P,20462738,22826641,2363903
#26,P4y_D1rt,28462972,30783563,2320591
#27,Dihl,84437525,86621951,2184426
#28,Virgin_Barry,15114702,17107477,1992775
#29,Tetsu_Nurtaw,46564186,48230975,1666789
#30,Spartin028,89813164,91443988,1630824
#31,Slique,137298593,138738860,1440267
#32,Iron_Kraydoz,16852723,18022601,1169878
#33,Whats_Da_Ge,252235618,253340396,1104778
#34,Iron_Nimmi,134011110,135057628,1046518
#35,Imcairnsy,58574468,59612718,1038250
#36,Lolland,55824693,56805023,980330
#37,Perpetuitate,4934824,5874307,939483
#38,Jhb,373847872,374639851,791979
#39,Just_Haarp,100055670,100695692,640022
#40,Ir0nman_J0sh,42544524,43120390,575866
#41,Juicy_Orphan,84505092,85051260,546168
#42,Spets,85931212,86437484,506272
#43,Lucky_Lucid,48702206,49089169,386963
#44,Solo_deejay,14399906,14710062,310156
#45,Druknr,111067230,111345815,278585
#46,Iron_Keagan,113163973,113194808,30835
#47,Karc,220354958,220379839,24881
#48,Larry_0g,167828897,167830310,1413
#49,Jesstice,36366491,36367768,1277
#50,Fuq_U_Blyat,303012428,303012463,35