Skill:,TotalXP,,Total XP gained:,12730881
#1,Temku,67463751,69035937,1572186
#2,Iron_flyn,111527874,113064394,1536520
#3,Thedyolf,129501838,130603510,1101672
#4,S0da_ash,78168335,79166025,997690
#5,Desabled,267101981,268037429,935448
#6,Druknr,154756976,155610368,853392
#7,Hovis_loaf,51537716,52305140,767424
#8,Putrid,28292567,28982990,690423
#9,Tetsu_nurtaw,58073391,58745553,672162
#10,Sobrietity,49767572,50386441,618869
#11,Iron_nimmi,157818045,158358256,540211
#12,Master_beast,237371778,237853705,481927
#13,Iron_smorc,116953742,117378322,424580
#14,LucyFur_iron,53050525,53463879,413354
#15,Ex_hcim_brad,76717627,77119292,401665
#16,Constunt,105847772,106232998,385226
#17,Saggy_bewbz,22134460,22347879,213419
#18,Octive,105938194,106052441,114247
#19,IronSlainRev,28012535,28023001,10466