Skill:,TotalXP,,Total XP gained:,76534956
#1,IronOdum,516590550,530840086,14249536
#2,Hovis_loaf,101576078,106483106,4907028
#3,Temku,106114149,110850849,4736700
#4,Hovmeizter,423316473,427423401,4106928
#5,Iron_Grumio,183778500,187117764,3339264
#6,Iron_nimmi,207592921,210601817,3008896
#7,S0da_ash,105306917,108283510,2976593
#8,Tim_fe_rrell,88237935,91196569,2958634
#9,Ekats_UK,231724051,234509393,2785342
#10,Tetsu_nurtaw,116000513,118563246,2562733
#11,Iron_smorc,139992035,142449228,2457193
#12,Lucky_Lucid,102983767,105431711,2447944
#13,Druknr,209828298,212226446,2398148
#14,Thedyolf,183772692,186163889,2391197
#15,Iron_flyn,158317073,160664516,2347443
#16,Iron_Venema,193225946,195480421,2254475
#17,Spets,127121440,129205806,2084366
#18,Conztant,142522578,144556338,2033760
#19,Master_beast,286367783,288251348,1883565
#20,Lil_SadBoy,60505318,61704892,1199574
#21,HC_Kippster0,7263195,8387648,1124453
#22,SlackyQQ,119241910,120362909,1120999
#23,Iron_Island,28110009,29070507,960498
#24,Dezq,311198202,312140816,942614
#25,Putrid,47235395,48100089,864694
#26,Paganwayz,76011250,76870063,858813
#27,Ex_hcim_brad,89067175,89802476,735301
#28,Saggy_bewbz,28635273,29268258,632985
#29,Dihl,103991303,104594492,603189
#30,IronSlainRev,38293757,38874090,580333
#31,Rounder,145539940,145941163,401223
#32,Octive,134212156,134596939,384783
#33,BrandonsIron,4560551,4669567,109016
#34,Haaarp,135185495,135254958,69463
#35,The_Roots,61858229,61875502,17273