Skill:,TotalXP,,Total XP gained:,185874313
#1,Rounder,101550143,116333011,14782868
#2,Desabled,211817609,222454127,10636518
#3,Slique,124960293,134645161,9684868
#4,Lucky_Lucid,38879526,47972434,9092908
#5,Master_Beast,172033136,180645825,8612689
#6,Grazyiron,59748410,68090287,8341877
#7,Druknr,102757168,110437824,7680656
#8,Iron_Smorc,69963732,77566700,7602968
#9,7_7_3_4,103164684,109714914,6550230
#10,Hovmeizter,318127532,324500134,6372602
#11,Ironodum,432083889,438142018,6058129
#12,Sobrietity,26911056,32968030,6056974
#13,ThedUIM,14704775,20189231,5484456
#14,Kusirusina,44013637,49379561,5365924
#15,N64DD,13421833,18783659,5361826
#16,Mr_No_Lift,314774730,318985174,4210444
#17,Aviron_nz,90353139,94531236,4178097
#18,Outs,95460971,99621712,4160741
#19,L3opoldstoch,29516822,33627332,4110510
#20,Getlowcelot3,65176759,69002783,3826024
#21,Sabin_08,36816335,40583974,3767639
#22,Kyopeli,29859304,33553709,3694405
#23,1iron_Reborn,316836794,320352374,3515580
#24,Thedyolf,87450182,90576659,3126477
#25,Iron_Nimmi,129185873,132276216,3090343
#26,Iron_Keagan,110117848,112981255,2863407
#27,Juicy_Orphan,80986831,83381731,2394900
#28,Onkie_donk,39364308,41545609,2181301
#29,Karc,218174844,220354958,2180114
#30,Just_Haarp,93927915,96106489,2178574
#31,Iron_K9,0,2090210,2090210
#32,236P,17206637,19198175,1991538
#33,Dihl,81504561,83248069,1743508
#34,Virgin_Barry,12577950,14312046,1734096
#35,Boy_Jakeob,26970230,28491781,1521551
#36,Spartin028,86079944,87432104,1352160
#37,Ir0nman_J0sh,41310568,42451509,1140941
#38,Solo_deejay,13257068,14335338,1078270
#39,Mrh4mm3r,78823277,79613038,789761
#40,Pug_Soup,19943212,20693402,750190
#41,Jhb,372510093,373260044,749951
#42,Iron_Mikx,60592198,61331871,739673
#43,DAMNITrone,10729583,11248893,519310
#44,Goneau,7162711,7669014,506303
#45,Larry_0g,167325781,167828897,503116
#46,Whats_Da_Ge,251754529,252224710,470181
#47,Whats_A_Ge,14234658,14589802,355144
#48,Lolland,54997775,55221352,223577
#49,Lamfear,168234943,168406628,171685
#50,SlackyQQ,89607351,89759999,152648
#51,Imcairnsy,58447819,58542739,94920
#52,Jesstice,36302938,36332926,29988
#53,Fe_Boney_B,94526389,94527849,1460
#54,Young_X,17568586,17568634,48
#55,Hudson,114347407,114347442,35