Skill:,TotalXP,,Total XP gained:,13099994
#1,The_Roots,75971764,77329915,1358151
#2,Home_Workout,119921407,120853743,932336
#3,Druknr,240201603,241096731,895128
#4,Thedyolf,211962911,212793331,830420
#5,Gat_Damn,24337424,25136495,799071
#6,Lucky_Lucid,128403658,129101277,697619
#7,Crulious,111348420,111969694,621274
#8,Rouqz,140373594,140961427,587833
#9,Iron_Venema,215883870,216444291,560421
#10,Iron_Tonkin,139690321,140189370,499049
#11,Master_beast,310014357,310485835,471478
#12,L3opoldstoch,86226420,86690993,464573
#13,Dezq,323536408,323980595,444187
#14,Octive,139844876,140284787,439911
#15,Dihl,118720896,119126445,405549
#16,Tim_fe_rrell,106541876,106945191,403315
#17,1Iron_Reborn,394142771,394455032,312261
#18,LucyFur_iron,87836824,88119442,282618
#19,SlackyQQ,131022035,131285490,263455
#20,Hovmeizter,452185587,452420788,235201
#21,Iron_smorc,161206248,161438787,232539
#22,Ekats_UK,245725092,245934967,209875
#23,Snatzkoning,90929418,91131253,201835
#24,Iron_flyn,198627809,198821415,193606
#25,S0da_ash,117781575,117914351,132776
#26,Iron_Island,35143747,35254533,110786
#27,Lil_SadBoy,71378359,71469439,91080
#28,Confused_Seb,22668669,22752247,83578
#29,IronSlainRev,44443423,44524895,81472
#30,HC_Kippster0,18911773,18990885,79112
#31,Getlowcelot3,114917394,114968344,50950
#32,Iron_nimmi,230842607,230891774,49167
#33,Temku,124772757,124817145,44388
#34,Ex_hcim_brad,97674672,97696813,22141
#35,Haaarp,138156231,138169070,12839