Skill:,TotalXP,,Total XP gained:,66024971
#1,Iron_flyn,111527874,119306074,7778200
#2,Thedyolf,129501838,135753638,6251800
#3,Desabled,267101981,272812183,5710202
#4,Druknr,154756976,160103206,5346230
#5,Tetsu_nurtaw,58073391,62744841,4671450
#6,Hovis_loaf,51537716,55350061,3812345
#7,Master_beast,237371778,241090841,3719063
#8,Temku,67463751,71054785,3591034
#9,S0da_ash,78168335,81637888,3469553
#10,Putrid,28292567,31184027,2891460
#11,LucyFur_iron,53050525,55716982,2666457
#12,Ex_hcim_brad,76717627,79373212,2655585
#13,Iron_smorc,116953742,119570373,2616631
#14,Iron_nimmi,157818045,160037798,2219753
#15,Constunt,105847772,108021894,2174122
#16,Octive,105938194,108088956,2150762
#17,Sobrietity,49767572,51842940,2075368
#18,Spets,100101966,101098996,997030
#19,Iron_Venema,163003260,163401770,398510
#20,Getlowcelot3,85150855,85413773,262918
#21,Saggy_bewbz,22134460,22368267,233807
#22,Lil_SadBoy,40528572,40668945,140373
#23,Outs,100943341,101051124,107783
#24,IronSlainRev,28012535,28061301,48766
#25,SlackyQQ,97462803,97498572,35769