Skill:,TotalXP,,Total XP gained:,60257490
#1,Rounder,101550143,108053725,6503582
#2,Grazyiron,59748410,63289176,3540766
#3,Sobrietity,26911056,30440713,3529657
#4,Druknr,102757168,105852863,3095695
#5,N64DD,13421833,16470245,3048412
#6,Desabled,211817609,214852535,3034926
#7,Lucky_Lucid,38879526,41555600,2676074
#8,Aviron_nz,90353139,93023127,2669988
#9,Slique,124960293,127473975,2513682
#10,Karc,218174844,220329709,2154865
#11,Ironodum,432083889,434192666,2108777
#12,7_7_3_4,103164684,105156406,1991722
#13,Master_Beast,172033136,173775938,1742802
#14,1iron_Reborn,316836794,318437838,1601044
#15,Kyopeli,29859304,31398126,1538822
#16,Outs,95460971,96959707,1498736
#17,Kusirusina,44013637,45491837,1478200
#18,L3opoldstoch,29516822,30928628,1411806
#19,Iron_Smorc,69963732,71329549,1365817
#20,Sabin_08,36816335,38091536,1275201
#21,Hovmeizter,318127532,319400760,1273228
#22,Boy_Jakeob,26970230,28161436,1191206
#23,Mr_No_Lift,314774730,315895504,1120774
#24,Getlowcelot3,65176759,66260791,1084032
#25,Thedyolf,87450182,88469325,1019143
#26,Juicy_Orphan,80986831,81902442,915611
#27,Solo_deejay,13257068,13860117,603049
#28,Iron_Nimmi,129185873,129785665,599792
#29,Goneau,7162711,7669014,506303
#30,Larry_0g,167325781,167700678,374897
#31,Spartin028,86079944,86382993,303049
#32,Iron_Mikx,60592198,60889368,297170
#33,236P,17206637,17461687,255050
#34,Dihl,81504561,81745644,241083
#35,Onkie_donk,39364308,39581523,217215
#36,Ir0nman_J0sh,41310568,41522268,211700
#37,ThedUIM,14704775,14879163,174388
#38,Just_Haarp,93927915,94093486,165571
#39,Whats_A_Ge,14234658,14394356,159698
#40,Virgin_Barry,12577950,12731731,153781
#41,DAMNITrone,10729583,10868177,138594
#42,Jhb,372510093,372636529,126436
#43,Imcairnsy,58447819,58542739,94920
#44,Iron_Keagan,110117848,110200313,82465
#45,Whats_Da_Ge,251754529,251821471,66942
#46,SlackyQQ,89607351,89665347,57996
#47,Mrh4mm3r,78823277,78865088,41811
#48,Fe_Boney_B,94526389,94527353,964
#49,Young_X,17568586,17568634,48