Skill:,TotalXP,,Total XP gained:,138579819
#1,Tetsu_nurtaw,136792358,145810386,9018028
#2,IronOdum,555395462,563071288,7675826
#3,Iron_Tonkin,115392146,122767690,7375544
#4,Druknr,221016900,227840034,6823134
#5,Iron_flyn,175184201,181910164,6725963
#6,Home_Workout,102417499,109070374,6652875
#7,Iron_smorc,149567770,156172640,6604870
#8,Master_beast,297034875,303326390,6291515
#9,Iron_Venema,200011159,206003239,5992080
#10,Lucky_Lucid,117511966,122457281,4945315
#11,Crulious,98672642,103597646,4925004
#12,Conztant,151738209,156414051,4675842
#13,Iron_Grumio,192904510,197336122,4431612
#14,Thedyolf,197105947,201348827,4242880
#15,Temku,116395142,120458086,4062944
#16,Hovmeizter,445515642,449562178,4046536
#17,Iron_nimmi,218928095,222793305,3865210
#18,Getlowcelot3,108207470,111391364,3183894
#19,Tim_fe_rrell,99285253,102270912,2985659
#20,Dezq,316463640,319388527,2924887
#21,LucyFur_iron,77663818,80577542,2913724
#22,Paganwayz,88468052,91314227,2846175
#23,Lil_SadBoy,67867572,70316796,2449224
#24,L3opoldstoch,76303373,78652695,2349322
#25,Dihl,111082136,113340459,2258323
#26,Saggy_bewbz,32500922,34540280,2039358
#27,S0da_ash,112384000,114162363,1778363
#28,Confused_Seb,18799148,20541710,1742562
#29,SlackyQQ,127965885,129402812,1436927
#30,Octive,135606164,136821345,1215181
#31,Putrid,56916336,58082888,1166552
#32,Ekats_UK,241702628,242825763,1123135
#33,Hovis_loaf,112426315,113533807,1107492
#34,Iron_Island,33057353,34088159,1030806
#35,Gat_Damn,16894621,17905451,1010830
#36,IronSlainRev,42395937,43323417,927480
#37,HC_Kippster0,12405138,13295407,890269
#38,Ex_hcim_brad,90615795,91469159,853364
#39,The_Roots,61875502,62660052,784550
#40,Wolowizzle,187180266,187905787,725521
#41,Haaarp,136633287,136867811,234524
#42,Rounder,146922384,147097745,175361
#43,Shuryo_Tora,74446037,74505863,59826
#44,Boy_Jakeob,39424969,39436301,11332