Skill:,TotalXP,,Total XP gained:,355053850
#1,Iron_Tonkin,115392146,139341712,23949566
#2,Iron_flyn,175184201,198530610,23346409
#3,Druknr,221016900,239986508,18969608
#4,Home_Workout,102417499,119479065,17061566
#5,Iron_Venema,200011159,215731885,15720726
#6,Tetsu_nurtaw,136792358,151882806,15090448
#7,Thedyolf,197105947,211686316,14580369
#8,The_Roots,61875502,75435364,13559862
#9,Master_beast,297034875,309801356,12766481
#10,Crulious,98672642,111163093,12490451
#11,Iron_nimmi,218928095,230842607,11914512
#12,Iron_smorc,149567770,161090435,11522665
#13,Lucky_Lucid,117511966,128277668,10765702
#14,IronOdum,555395462,565608238,10212776
#15,LucyFur_iron,77663818,87568779,9904961
#16,L3opoldstoch,76303373,86191075,9887702
#17,Temku,116395142,124669562,8274420
#18,Rouqz,132229969,140340820,8110851
#19,Iron_Grumio,192904510,200448822,7544312
#20,Dihl,111082136,118561995,7479859
#21,Gat_Damn,16894621,24265899,7371278
#22,Tim_fe_rrell,99285253,106541876,7256623
#23,Ex_hcim_brad,90615795,97674672,7058877
#24,Dezq,316463640,323418169,6954529
#25,Getlowcelot3,108207470,114917394,6709924
#26,Hovmeizter,445515642,452185587,6669945
#27,HC_Kippster0,12405138,18911773,6506635
#28,S0da_ash,112384000,117781575,5397575
#29,Octive,135606164,139844876,4238712
#30,Ekats_UK,241702628,245671926,3969298
#31,Confused_Seb,18799148,22565926,3766778
#32,Paganwayz,88468052,92111287,3643235
#33,Lil_SadBoy,67867572,71378359,3510787
#34,SlackyQQ,127965885,131005456,3039571
#35,Saggy_bewbz,32500922,34811389,2310467
#36,1Iron_Reborn,391824559,393964270,2139711
#37,Iron_Island,33057353,35143747,2086394
#38,Snatzkoning,89115845,90929418,1813573
#39,IronSlainRev,42395937,44193044,1797107
#40,Haaarp,136633287,138156231,1522944
#41,Wolowizzle,187180266,188669307,1489041
#42,Putrid,56916336,58082888,1166552
#43,Hovis_loaf,112426315,113533807,1107492
#44,Rounder,146922384,147097745,175361
#45,Boy_Jakeob,39424969,39563338,138369
#46,Shuryo_Tora,74446037,74505863,59826