Skill:,TotalXP,,Total XP gained:,8329448
#1,Druknr,240201603,240928350,726747
#2,Crulious,111348420,111969694,621274
#3,The_Roots,75971764,76520288,548524
#4,Gat_Damn,24337424,24842860,505436
#5,Home_Workout,119921407,120412584,491177
#6,Iron_Venema,215883870,216361789,477919
#7,Lucky_Lucid,128403658,128867589,463931
#8,Rouqz,140373594,140731091,357497
#9,Thedyolf,211962911,212311393,348482
#10,Tim_fe_rrell,106541876,106837491,295615
#11,L3opoldstoch,86226420,86519799,293379
#12,Dihl,118720896,119004376,283480
#13,Octive,139844876,140117362,272486
#14,Master_beast,310014357,310282106,267749
#15,LucyFur_iron,87836824,88079071,242247
#16,Dezq,323536408,323771972,235564
#17,Hovmeizter,452185587,452420788,235201
#18,SlackyQQ,131022035,131230008,207973
#19,Ekats_UK,245725092,245921507,196415
#20,Snatzkoning,90929418,91123404,193986
#21,Iron_flyn,198627809,198807168,179359
#22,Iron_Tonkin,139690321,139858291,167970
#23,S0da_ash,117781575,117914351,132776
#24,Iron_Island,35143747,35254533,110786
#25,Iron_smorc,161206248,161309329,103081
#26,1Iron_Reborn,394142771,394237519,94748
#27,Confused_Seb,22668669,22752247,83578
#28,HC_Kippster0,18911773,18990885,79112
#29,Getlowcelot3,114917394,114968344,50950
#30,Iron_nimmi,230842607,230891774,49167
#31,Haaarp,138156231,138169070,12839