Skill:,TotalXP,,Total XP gained:,180702787
#1,Grazyiron,81041072,97710820,16669748
#2,Master_Beast,203215303,215363081,12147778
#3,Ironodum,454687256,466798753,12111497
#4,The_Roots,47139761,57216143,10076382
#5,Tim_fe_rrell,19657829,29646475,9988646
#6,ThedUIM,28969348,38926310,9956962
#7,Thedyolf,106864531,116539394,9674863
#8,1iron_Reborn,329338767,338130730,8791963
#9,Sabin_08,46727931,53720843,6992912
#10,Swemf,39795458,46643487,6848029
#11,Druknr,111470223,117708449,6238226
#12,L3opoldstoch,41921052,47414880,5493828
#13,Paganwayz,56544585,61910454,5365869
#14,Onkie_donk,46872112,51635263,4763151
#15,Iron_Mikx,65824919,69869374,4044455
#16,Rouqz,114356281,118218740,3862459
#17,Iron_Nimmi,135826142,139492426,3666284
#18,Perpetuitate,6079934,9408717,3328783
#19,Desabled,237852288,240983480,3131192
#20,Iron_Smorc,89060678,92020685,2960007
#21,Imcairnsy,60029838,62780493,2750655
#22,Just_Haarp,100856411,103464436,2608025
#23,P4y_D1rt,31290345,33529833,2239488
#24,Pug_Soup,26632409,28740964,2108555
#25,Mrh4mm3r,84258742,86309690,2050948
#26,236P,23851362,25823378,1972016
#27,Ir0nman_J0sh,43186042,45055756,1869714
#28,Hovmeizter,339862446,341704828,1842382
#29,Mr_No_Lift,328955883,330581651,1625768
#30,Lolland,57102163,58681812,1579649
#31,Lamfear,178611326,180141976,1530650
#32,Whats_Da_Ge,253353737,254613678,1259941
#33,Iron_Keagan,113194808,114396834,1202026
#34,Rounder,136589720,137700362,1110642
#35,Ex_hcim_brad,64331558,65434531,1102973
#36,Boy_Jakeob,28578166,29678678,1100512
#37,Kusirusina,55041197,56040757,999560
#38,Virgin_Barry,17107477,17898375,790898
#39,Solo_deejay,14810241,15556087,745846
#40,Slique,138873291,139594104,720813
#41,Juicy_Orphan,85051260,85751060,699800
#42,Spets,87644887,88281189,636302
#43,VomitValcano,45258579,45786116,527537
#44,Jhb,374897322,375251141,353819
#45,Tetsu_Nurtaw,48361464,48678983,317519
#46,Dihl,87317655,87557586,239931
#47,Lucky_Lucid,49101955,49321701,219746
#48,Getlowcelot3,69002783,69191915,189132
#49,HC_Grumio,46229709,46408776,179067
#50,Larry_0g,167830310,167842945,12635
#51,Spartin028,91764310,91767508,3198
#52,Fe_Boney_B,94527849,94527855,6