Skill:,TotalXP,,Total XP gained:,171780302
#1,Tetsu_nurtaw,86221916,103826509,17604593
#2,Master_beast,262348536,275620787,13272251
#3,Iron_nimmi,188537213,199232231,10695018
#4,Iron_flyn,136758235,146020289,9262054
#5,Tim_fe_rrell,74415473,83246320,8830847
#6,IronOdum,497795734,506502123,8706389
#7,Octive,123373159,131661394,8288235
#8,Thedyolf,167070908,175080395,8009487
#9,Druknr,194282413,202034091,7751678
#10,Temku,91144682,98102840,6958158
#11,HC_Grumio,92116531,98631488,6514957
#12,SlackyQQ,107052956,113236249,6183293
#13,Getlowcelot3,95315083,101314139,5999056
#14,Lil_SadBoy,52235667,57193942,4958275
#15,Iron_Venema,183829128,188649059,4819931
#16,Hovis_loaf,75950296,80559132,4608836
#17,Iron_smorc,128592489,133013646,4421157
#18,Hovmeizter,406922176,411341412,4419236
#19,S0da_ash,96190827,100029578,3838751
#20,Dezq,306919790,310211567,3291777
#21,TwigQQ,107062850,110337497,3274647
#22,L3opoldstoch,72401653,75234062,2832409
#23,Saggy_bewbz,22450092,25168884,2718792
#24,IronSlainRev,33557837,35926586,2368749
#25,Shuryo_Tora,70904225,72866704,1962479
#26,Putrid,42923145,44604740,1681595
#27,Spets,119974269,121575306,1601037
#28,HC_Kippster0,2653663,4201261,1547598
#29,LucyFur_iron,70858509,72272824,1414315
#30,Twig_HC,85671,1191693,1106022
#31,Ex_hcim_brad,84614851,85674718,1059867
#32,Jesstice,47825344,48763482,938138
#33,Iron_Island,21767277,22331494,564217
#34,Rounder,142196356,142343721,147365
#35,Ekats_UK,221130817,221259910,129093