Skill:,TotalXP,,Total XP gained:,206910409
#1,Lucky_lucid,67308674,83097854,15789180
#2,Thedyolf,149951372,163786889,13835517
#3,Iron_nimmi,171799199,184427275,12628076
#4,Tetsu_nurtaw,68232570,80510105,12277535
#5,Iron_Venema,169259654,180834686,11575032
#6,Druknr,180515633,191660050,11144417
#7,Dezq,295039941,306153631,11113690
#8,Temku,79729035,88770630,9041595
#9,Master_beast,248514727,257503986,8989259
#10,Hovmeizter,397244475,406152328,8907853
#11,HC_Grumio,81842943,90423391,8580448
#12,Hovis_loaf,66978218,74462453,7484235
#13,Spets,111651581,118654151,7002570
#14,Jesstice,41046681,47698818,6652137
#15,L3opoldstoch,65285054,71783646,6498592
#16,LucyFur_iron,64293315,70233137,5939822
#17,Tim_fe_rrell,67794933,73284793,5489860
#18,Lil_SadBoy,46848606,51994985,5146379
#19,Taak-o,119764818,124802465,5037647
#20,Sobrietity,59485775,64511463,5025688
#21,Octive,115033754,119812054,4778300
#22,SlackyQQ,101107351,104862637,3755286
#23,Rounder,138642777,141896642,3253865
#24,Iron_flyn,133685102,136758235,3073133
#25,Iron_smorc,125349693,128282731,2933038
#26,Getlowcelot3,90521608,93228043,2706435
#27,IronSlainRev,30950159,33445321,2495162
#28,Putrid,40775226,42923145,2147919
#29,S0da_ash,92863702,94381183,1517481
#30,Ex_hcim_brad,82952029,83988731,1036702
#31,Name_Snlped,105231095,105784761,553666
#32,Shuryo_Tora,70231078,70556499,325421
#33,HC_Kippster0,2212815,2387284,174469