Skill:,TotalXP,,Total XP gained:,1355340
#1,Crulious,111348420,111667653,319233
#2,Thedyolf,211962911,212245193,282282
#3,Iron_Venema,215883870,216061220,177350
#4,LucyFur_iron,87836824,87971526,134702
#5,Iron_flyn,198627809,198727067,99258
#6,Druknr,240201603,240298822,97219
#7,Lucky_Lucid,128403658,128497690,94032
#8,Octive,139844876,139896360,51484
#9,Gat_Damn,24337424,24386758,49334
#10,Home_Workout,119921407,119956918,35511
#11,Rouqz,140373594,140388529,14935