Skill:,TotalXP,,Total XP gained:,10313068
#1,Desabled,295039941,297323324,2283383
#2,Iron_Venema,169259654,170719827,1460173
#3,Thedyolf,149951372,150942882,991510
#4,Iron_flyn,133685102,134381127,696025
#5,Druknr,180515633,181152599,636966
#6,Lucky_lucid,67308674,67857999,549325
#7,Lil_SadBoy,46848606,47384648,536042
#8,Master_beast,248514727,248964140,449413
#9,LucyFur_iron,64293315,64675501,382186
#10,Iron_nimmi,171799199,172148446,349247
#11,Jesstice,41046681,41352828,306147
#12,Spets,111651581,111956595,305014
#13,Sobrietity,59485775,59752104,266329
#14,Getlowcelot3,90521608,90779707,258099
#15,Temku,79729035,79951908,222873
#16,Putrid,40775226,40954726,179500
#17,Octive,115033754,115173342,139588
#18,Tetsu_nurtaw,68232570,68355770,123200
#19,Iron_smorc,125349693,125456456,106763
#20,HC_Grumio,81842943,81894710,51767
#21,Ex_hcim_brad,82952029,82971487,19458
#22,S0da_ash,92863702,92863762,60