Skill:,TotalXP,,Total XP gained:,38580371
#1,Druknr,240201603,243287466,3085863
#2,Iron_Tonkin,139690321,142382680,2692359
#3,Thedyolf,211962911,214627771,2664860
#4,The_Roots,75971764,78581345,2609581
#5,Crulious,111348420,113852826,2504406
#6,Home_Workout,119921407,121966424,2045017
#7,Rouqz,140373594,142384288,2010694
#8,Gat_Damn,24337424,26308052,1970628
#9,Lucky_Lucid,128403658,130217708,1814050
#10,Dezq,323536408,324910007,1373599
#11,Iron_Venema,215883870,217241374,1357504
#12,L3opoldstoch,86226420,87483251,1256831
#13,Master_beast,310014357,311220092,1205735
#14,Dihl,118720896,119682258,961362
#15,Iron_nimmi,230842607,231725461,882854
#16,Iron_smorc,161206248,162069551,863303
#17,Octive,139844876,140706547,861671
#18,LucyFur_iron,87836824,88690220,853396
#19,HC_Kippster0,18911773,19754784,843011
#20,Ekats_UK,245725092,246561733,836641
#21,Snatzkoning,90929418,91636103,706685
#22,Temku,124772757,125440385,667628
#23,Hovmeizter,452185587,452810868,625281
#24,Tim_fe_rrell,106541876,107164054,622178
#25,1Iron_Reborn,394142771,394717436,574665
#26,Iron_flyn,198627809,199163948,536139
#27,S0da_ash,117781575,118273561,491986
#28,SlackyQQ,131022035,131499518,477483
#29,Ex_hcim_brad,97674672,97888723,214051
#30,Iron_Grumio,200492876,200685218,192342
#31,Confused_Seb,22668669,22828711,160042
#32,Iron_Island,35143747,35295649,151902
#33,Lil_SadBoy,71378359,71512223,133864
#34,IronSlainRev,44443423,44564640,121217
#35,Getlowcelot3,114917394,115037135,119741
#36,Haaarp,138156231,138217437,61206
#37,Boy_Jakeob,39571229,39600151,28922
#38,Wolowizzle,188669307,188670981,1674