Skill:,TotalXP,,Total XP gained:,147251549
#1,Rounder,101550143,114342620,12792477
#2,Desabled,211817609,219981811,8164202
#3,Slique,124960293,132965798,8005505
#4,Lucky_Lucid,38879526,46495755,7616229
#5,Grazyiron,59748410,67147400,7398990
#6,Druknr,102757168,110036383,7279215
#7,Master_Beast,172033136,178094464,6061328
#8,7_7_3_4,103164684,109079297,5914613
#9,Sobrietity,26911056,32580997,5669941
#10,Iron_Smorc,69963732,75537839,5574107
#11,N64DD,13421833,18783659,5361826
#12,Kusirusina,44013637,48393389,4379752
#13,Aviron_nz,90353139,94531236,4178097
#14,Outs,95460971,99332431,3871460
#15,Getlowcelot3,65176759,69002563,3825804
#16,Hovmeizter,318127532,321671358,3543826
#17,Ironodum,432083889,435599584,3515695
#18,L3opoldstoch,29516822,33012943,3496121
#19,1iron_Reborn,316836794,319930911,3094117
#20,Sabin_08,36816335,39784772,2968437
#21,Kyopeli,29859304,32744429,2885125
#22,Iron_Nimmi,129185873,131920124,2734251
#23,ThedUIM,14704775,17274976,2570201
#24,Thedyolf,87450182,89642351,2192169
#25,Karc,218174844,220354958,2180114
#26,Onkie_donk,39364308,41539674,2175366
#27,Mr_No_Lift,314774730,316745683,1970953
#28,236P,17206637,18959863,1753226
#29,Just_Haarp,93927915,95544535,1616620
#30,Iron_Keagan,110117848,111697853,1580005
#31,Juicy_Orphan,80986831,82566831,1580000
#32,Boy_Jakeob,26970230,28491781,1521551
#33,Virgin_Barry,12577950,13736157,1158207
#34,Spartin028,86079944,87177975,1098031
#35,Ir0nman_J0sh,41310568,42371437,1060869
#36,Dihl,81504561,82554843,1050282
#37,Solo_deejay,13257068,14214990,957922
#38,Mrh4mm3r,78823277,79527428,704151
#39,Iron_Mikx,60592198,61123962,531764
#40,DAMNITrone,10729583,11242498,512915
#41,Goneau,7162711,7669014,506303
#42,Larry_0g,167325781,167828897,503116
#43,Whats_Da_Ge,251754529,252198336,443807
#44,Whats_A_Ge,14234658,14589802,355144
#45,Jhb,372510093,372853784,343691
#46,Lolland,54997775,55184835,187060
#47,SlackyQQ,89607351,89748851,141500
#48,Lamfear,168234943,168363944,129001
#49,Imcairnsy,58447819,58542739,94920
#50,Fe_Boney_B,94526389,94527849,1460
#51,Young_X,17568586,17568634,48
#52,Hudson,114347407,114347442,35