Skill:,TotalXP,,Total XP gained:,4130512
#1,IronOdum,555395462,556066503,671041
#2,Getlowcelot3,108207470,108817055,609585
#3,Lucky_Lucid,117511966,117991429,479463
#4,Paganwayz,88468052,88742803,274751
#5,Thedyolf,197105947,197346043,240096
#6,Home_Workout,102417499,102634359,216860
#7,Lil_SadBoy,67867572,68051820,184248
#8,Iron_Tonkin,115392146,115571521,179375
#9,Master_beast,297034875,297210921,176046
#10,Hovmeizter,445515642,445668493,152851
#11,Tim_fe_rrell,99285253,99395159,109906
#12,Iron_smorc,149567770,149674608,106838
#13,Druknr,221016900,221123409,106509
#14,Tetsu_nurtaw,136792358,136893258,100900
#15,Octive,135606164,135703735,97571
#16,Dezq,316463640,316561014,97374
#17,LucyFur_iron,77663818,77713052,49234
#18,Confused_Seb,18799148,18838026,38878
#19,Ekats_UK,241702628,241738381,35753
#20,Conztant,151738209,151770856,32647
#21,Iron_Venema,200011159,200041793,30634
#22,HC_Kippster0,12405138,12435252,30114
#23,Crulious,98672642,98701848,29206
#24,Temku,116395142,116424097,28955
#25,Rounder,146922384,146946446,24062
#26,Dihl,111082136,111098158,16022
#27,Iron_Island,33057353,33062032,4679
#28,Ex_hcim_brad,90615795,90619907,4112
#29,S0da_ash,112384000,112385976,1976
#30,Iron_Grumio,192904510,192905301,791
#31,Saggy_bewbz,32500922,32500957,35