Skill:,TotalXP,,Total XP gained:,359142446
#1,Iron_Tonkin,115392146,139690321,24298175
#2,Iron_flyn,175184201,198627809,23443608
#3,Druknr,221016900,240201603,19184703
#4,Home_Workout,102417499,119902807,17485308
#5,Iron_Venema,200011159,215883870,15872711
#6,Tetsu_nurtaw,136792358,151882806,15090448
#7,Thedyolf,197105947,211962911,14856964
#8,The_Roots,61875502,75971764,14096262
#9,Master_beast,297034875,310014357,12979482
#10,Crulious,98672642,111348420,12675778
#11,Iron_nimmi,218928095,230842607,11914512
#12,Iron_smorc,149567770,161179535,11611765
#13,Lucky_Lucid,117511966,128403658,10891692
#14,IronOdum,555395462,565608238,10212776
#15,LucyFur_iron,77663818,87836824,10173006
#16,L3opoldstoch,76303373,86226420,9923047
#17,Temku,116395142,124772757,8377615
#18,Rouqz,132229969,140373594,8143625
#19,Dihl,111082136,118720896,7638760
#20,Iron_Grumio,192904510,200492876,7588366
#21,Gat_Damn,16894621,24321640,7427019
#22,Tim_fe_rrell,99285253,106541876,7256623
#23,Dezq,316463640,323536408,7072768
#24,Ex_hcim_brad,90615795,97674672,7058877
#25,Getlowcelot3,108207470,114917394,6709924
#26,Hovmeizter,445515642,452185587,6669945
#27,HC_Kippster0,12405138,18911773,6506635
#28,S0da_ash,112384000,117781575,5397575
#29,Octive,135606164,139844876,4238712
#30,Ekats_UK,241702628,245725092,4022464
#31,Confused_Seb,18799148,22668669,3869521
#32,Paganwayz,88468052,92111287,3643235
#33,Lil_SadBoy,67867572,71378359,3510787
#34,SlackyQQ,127965885,131022035,3056150
#35,1Iron_Reborn,391824559,394142771,2318212
#36,Saggy_bewbz,32500922,34811389,2310467
#37,Iron_Island,33057353,35143747,2086394
#38,IronSlainRev,42395937,44443423,2047486
#39,Snatzkoning,89115845,90929418,1813573
#40,Haaarp,136633287,138156231,1522944
#41,Wolowizzle,187180266,188669307,1489041
#42,Putrid,56916336,58082888,1166552
#43,Hovis_loaf,112426315,113533807,1107492
#44,Rounder,146922384,147097745,175361
#45,Boy_Jakeob,39424969,39571229,146260
#46,Shuryo_Tora,74446037,74505863,59826