Skill:,TotalXP,,Total XP gained:,6462090
#1,Getlowcelot3,108207470,108904766,697296
#2,IronOdum,555395462,556066503,671041
#3,Hovmeizter,445515642,446001335,485693
#4,Lucky_Lucid,117511966,117991429,479463
#5,Thedyolf,197105947,197475895,369948
#6,Paganwayz,88468052,88801447,333395
#7,Iron_Grumio,192904510,193195054,290544
#8,Iron_Tonkin,115392146,115680050,287904
#9,Master_beast,297034875,297314011,279136
#10,Home_Workout,102417499,102691893,274394
#11,Iron_Venema,200011159,200262851,251692
#12,Lil_SadBoy,67867572,68087722,220150
#13,Dezq,316463640,316658538,194898
#14,Druknr,221016900,221189727,172827
#15,Ex_hcim_brad,90615795,90767573,151778
#16,LucyFur_iron,77663818,77807247,143429
#17,Tim_fe_rrell,99285253,99427247,141994
#18,Haaarp,136633287,136768547,135260
#19,Confused_Seb,18799148,18932535,133387
#20,Iron_flyn,175184201,175295313,111112
#21,Iron_smorc,149567770,149674608,106838
#22,Tetsu_nurtaw,136792358,136893258,100900
#23,Ekats_UK,241702628,241800209,97581
#24,Octive,135606164,135703735,97571
#25,Dihl,111082136,111122466,40330
#26,Crulious,98672642,98710755,38113
#27,Temku,116395142,116433230,38088
#28,Conztant,151738209,151770856,32647
#29,HC_Kippster0,12405138,12435252,30114
#30,Rounder,146922384,146946446,24062
#31,Wolowizzle,187180266,187204081,23815
#32,Iron_Island,33057353,33062032,4679
#33,S0da_ash,112384000,112385976,1976
#34,Saggy_bewbz,32500922,32500957,35