Skill:,TotalXP,,Total XP gained:,14181905
#1,Temku,67463751,69104499,1640748
#2,S0da_ash,78168335,79777784,1609449
#3,Iron_flyn,111527874,113064394,1536520
#4,Desabled,267101981,268226313,1124332
#5,Thedyolf,129501838,130603510,1101672
#6,Druknr,154756976,155747471,990495
#7,Tetsu_nurtaw,58073391,58849317,775926
#8,Hovis_loaf,51537716,52305140,767424
#9,Putrid,28292567,28982990,690423
#10,Master_beast,237371778,238057039,685261
#11,Sobrietity,49767572,50406940,639368
#12,Iron_nimmi,157818045,158358256,540211
#13,Constunt,105847772,106325690,477918
#14,Iron_smorc,116953742,117378322,424580
#15,LucyFur_iron,53050525,53463879,413354
#16,Ex_hcim_brad,76717627,77123850,406223
#17,Saggy_bewbz,22134460,22353462,219002
#18,Octive,105938194,106066727,128533
#19,IronSlainRev,28012535,28023001,10466