Skill:,TotalXP,,Total XP gained:,7243460
#1,Rounder,101550143,102738730,1188587
#2,Sobrietity,26911056,27738357,827301
#3,Ironodum,432083889,432575636,491747
#4,Karc,218174844,218644961,470117
#5,Druknr,102757168,103198781,441613
#6,Aviron_nz,90353139,90734091,380952
#7,Master_Beast,172033136,172409497,376361
#8,Iron_Smorc,69963732,70312966,349234
#9,Grazyiron,59748410,60065586,317176
#10,Getlowcelot3,65176759,65467957,291198
#11,Kusirusina,44013637,44251587,237950
#12,Lucky_Lucid,38879526,39098216,218690
#13,1iron_Reborn,316836794,317035107,198313
#14,L3opoldstoch,29516822,29684647,167825
#15,N64DD,13421833,13583137,161304
#16,Outs,95460971,95618966,157995
#17,Goneau,7162711,7319395,156684
#18,Ir0nman_J0sh,41310568,41436754,126186
#19,Just_Haarp,93927915,94045939,118024
#20,Kyopeli,29859304,29973556,114252
#21,Desabled,211817609,211907238,89629
#22,Dihl,81504561,81574084,69523
#23,Sabin_08,36816335,36884895,68560
#24,Solo_deejay,13257068,13324897,67829
#25,Mrh4mm3r,78823277,78865057,41780
#26,DAMNITrone,10729583,10754897,25314
#27,Imcairnsy,58447819,58469252,21433
#28,Hovmeizter,318127532,318148821,21289
#29,Boy_Jakeob,26970230,26985026,14796
#30,7_7_3_4,103164684,103177977,13293
#31,Larry_0g,167325781,167336210,10429
#32,Iron_Mikx,60592198,60599948,7750
#33,Thedyolf,87450182,87450336,154
#34,Virgin_Barry,12577950,12578074,124
#35,Young_X,17568586,17568634,48