Skill:,TotalXP,,Total XP gained:,8528654
#1,Master_Beast,189555576,191222794,1667218
#2,Spartin028,89813164,90520792,707628
#3,Iron_Smorc,80769901,81431409,661508
#4,Grazyiron,69932985,70477974,544989
#5,Swemf,31870685,32359335,488650
#6,Thedyolf,92165204,92626267,461063
#7,Ironodum,442821516,443252068,430552
#8,Dihl,84437525,84856407,418882
#9,Desabled,227820522,228121435,300913
#10,Virgin_Barry,15114702,15410409,295707
#11,Sabin_08,41670042,41964418,294376
#12,Imcairnsy,58574468,58843437,268969
#13,Mr_No_Lift,322137467,322396826,259359
#14,Rounder,124787177,125046145,258968
#15,L3opoldstoch,35898284,36145132,246848
#16,Sobrietity,37224751,37451794,227043
#17,1iron_Reborn,321775334,321990085,214751
#18,Just_Haarp,100055670,100253610,197940
#19,ThedUIM,20923101,21098704,175603
#20,Pug_Soup,21397823,21541949,144126
#21,236P,20462738,20593516,130778
#22,Iron_Mikx,61525365,61600083,74718
#23,Kusirusina,51595406,51634223,38817
#24,Slique,137298593,137314427,15834
#25,Ir0nman_J0sh,42544524,42547908,3384
#26,7_7_3_4,111146127,111146157,30