Skill:,TotalXP,,Total XP gained:,1085574
#1,Thedyolf,167070908,167557915,487007
#2,Master_beast,262348536,262548487,199951
#3,S0da_ash,96190827,96370450,179623
#4,Spets,119974269,120122053,147784
#5,Lucky_lucid,86146653,86164832,18179
#6,Druknr,194282413,194300097,17684
#7,Iron_smorc,128592489,128605893,13404
#8,Iron_Venema,183829128,183838488,9360
#9,Hovis_loaf,75950296,75954291,3995
#10,Temku,91144682,91147979,3297
#11,HC_Kippster0,2653663,2656778,3115
#12,Rounder,142196356,142198531,2175