Skill:,TotalXP,,Total XP gained:,84998350
#1,IronOdum,516590550,532180277,15589727
#2,Hovis_loaf,101576078,107790991,6214913
#3,Temku,106114149,110903767,4789618
#4,Hovmeizter,423316473,428068364,4751891
#5,Iron_Grumio,183778500,187292447,3513947
#6,Tim_fe_rrell,88237935,91671468,3433533
#7,Iron_nimmi,207592921,210862579,3269658
#8,S0da_ash,105306917,108468969,3162052
#9,Ekats_UK,231724051,234822954,3098903
#10,Tetsu_nurtaw,116000513,118987097,2986584
#11,Lucky_Lucid,102983767,105693837,2710070
#12,Iron_flyn,158317073,161000578,2683505
#13,Druknr,209828298,212487472,2659174
#14,Iron_smorc,139992035,142605895,2613860
#15,Thedyolf,183772692,186332087,2559395
#16,Iron_Venema,193225946,195669254,2443308
#17,Conztant,142522578,144731177,2208599
#18,Spets,127121440,129228098,2106658
#19,Master_beast,286367783,288421339,2053556
#20,Lil_SadBoy,60505318,62056377,1551059
#21,SlackyQQ,119241910,120497191,1255281
#22,Dezq,311198202,312417050,1218848
#23,HC_Kippster0,7263195,8452412,1189217
#24,Putrid,47235395,48255668,1020273
#25,Iron_Island,28110009,29078194,968185
#26,Paganwayz,76011250,76941288,930038
#27,Dihl,103991303,104854159,862856
#28,Ex_hcim_brad,89067175,89820155,752980
#29,Saggy_bewbz,28635273,29268258,632985
#30,IronSlainRev,38293757,38908261,614504
#31,Rounder,145539940,145988260,448320
#32,Octive,134212156,134596939,384783
#33,BrandonsIron,4560551,4793885,233334
#34,Haaarp,135185495,135254958,69463
#35,The_Roots,61858229,61875502,17273