Skill:,TotalXP,,Total XP gained:,276426744
#1,IronOdum,516590550,551630889,35040339
#2,Tetsu_nurtaw,116000513,132998639,16998126
#3,Hovmeizter,423316473,439965534,16649061
#4,Iron_flyn,158317073,170431937,12114864
#5,Hovis_loaf,101576078,112033561,10457483
#6,Thedyolf,183772692,194014505,10241813
#7,Lucky_Lucid,102983767,113207016,10223249
#8,Temku,106114149,115804305,9690156
#9,Ekats_UK,231724051,240706057,8982006
#10,Putrid,47235395,56173906,8938511
#11,Iron_nimmi,207592921,216435540,8842619
#12,Paganwayz,76011250,84628362,8617112
#13,Conztant,142522578,151124266,8601688
#14,Tim_fe_rrell,88237935,96328279,8090344
#15,Druknr,209828298,217702556,7874258
#16,Master_beast,286367783,294016906,7649123
#17,SlackyQQ,119241910,126439640,7197730
#18,Spets,127121440,134256025,7134585
#19,Iron_smorc,139992035,146981523,6989488
#20,Iron_Grumio,183778500,190585629,6807129
#21,S0da_ash,105306917,111361521,6054604
#22,Dihl,103991303,110017126,6025823
#23,Lil_SadBoy,60505318,65710113,5204795
#24,Iron_Tonkin,109407945,114164897,4756952
#25,Iron_Venema,193225946,197897557,4671611
#26,Dezq,311198202,315700167,4501965
#27,Iron_Island,28110009,32123801,4013792
#28,HC_Kippster0,7263195,11076736,3813541
#29,Home_Workout,94955222,98198709,3243487
#30,IronSlainRev,38293757,41439678,3145921
#31,LucyFur_iron,73150515,76097896,2947381
#32,Saggy_bewbz,28635273,31101420,2466147
#33,Boy_Jakeob,37922779,39400483,1477704
#34,Getlowcelot3,104281583,105567611,1286028
#35,Ex_hcim_brad,89067175,90349462,1282287
#36,Haaarp,135185495,136450922,1265427
#37,Octive,134212156,135477553,1265397
#38,Rounder,145539940,146717235,1177295
#39,Shuryo_Tora,73733596,74403226,669630
#40,The_Roots,61858229,61875502,17273