Skill:,TotalXP,,Total XP gained:,16332100
#1,S0da_ash,78168335,80012474,1844139
#2,Iron_flyn,111527874,113210642,1682768
#3,Temku,67463751,69104499,1640748
#4,Desabled,267101981,268481006,1379025
#5,Thedyolf,129501838,130603510,1101672
#6,Tetsu_nurtaw,58073391,59100221,1026830
#7,Druknr,154756976,155747471,990495
#8,Hovis_loaf,51537716,52509243,971527
#9,Master_beast,237371778,238269651,897873
#10,Ex_hcim_brad,76717627,77506079,788452
#11,Putrid,28292567,28997776,705209
#12,Sobrietity,49767572,50421321,653749
#13,Constunt,105847772,106448334,600562
#14,Iron_nimmi,157818045,158358256,540211
#15,Iron_smorc,116953742,117471602,517860
#16,LucyFur_iron,53050525,53518937,468412
#17,Octive,105938194,106216489,278295
#18,Saggy_bewbz,22134460,22368267,233807
#19,IronSlainRev,28012535,28023001,10466