Skill:,TotalXP,,Total XP gained:,1456014
#1,Iron_Nimmi,139804309,140287005,482696
#2,Thedyolf,121880832,122223498,342666
#3,Iron_Smorc,93898503,94094567,196064
#4,Tim_fe_rrell,31583611,31674269,90658
#5,ThedUIM,42288059,42358729,70670
#6,Iron_Keagan,114742536,114806801,64265
#7,Pug_Soup,28885854,28940968,55114
#8,Whats_Da_Ge,255606764,255660084,53320
#9,Getlowcelot3,71332266,71379586,47320
#10,236P,26005554,26034435,28881
#11,Sabin_08,55428899,55453259,24360