Skill:,TotalXP,,Total XP gained:,74659834
#1,Iron_flyn,111527874,119940302,8412428
#2,Desabled,267101981,274500797,7398816
#3,Druknr,154756976,161969957,7212981
#4,Thedyolf,129501838,136077578,6575740
#5,Tetsu_nurtaw,58073391,63028458,4955067
#6,Hovis_loaf,51537716,55738546,4200830
#7,Master_beast,237371778,241462360,4090582
#8,Temku,67463751,71308392,3844641
#9,S0da_ash,78168335,81684435,3516100
#10,Putrid,28292567,31365445,3072878
#11,Ex_hcim_brad,76717627,79647119,2929492
#12,LucyFur_iron,53050525,55953509,2902984
#13,Constunt,105847772,108697880,2850108
#14,Iron_smorc,116953742,119645055,2691313
#15,Iron_nimmi,157818045,160397097,2579052
#16,Octive,105938194,108484703,2546509
#17,Sobrietity,49767572,52045066,2277494
#18,Spets,100101966,101246502,1144536
#19,Iron_Venema,163003260,163444407,441147
#20,Getlowcelot3,85150855,85541054,390199
#21,Saggy_bewbz,22134460,22368267,233807
#22,Lil_SadBoy,40528572,40688354,159782
#23,Outs,100943341,101051124,107783
#24,SlackyQQ,97462803,97534880,72077
#25,IronSlainRev,28012535,28066023,53488