Skill:,TotalXP,,Total XP gained:,3415670
#1,Crulious,111348420,111710134,361714
#2,Thedyolf,211962911,212311393,348482
#3,Lucky_Lucid,128403658,128739812,336154
#4,Home_Workout,119921407,120190146,268739
#5,Druknr,240201603,240460523,258920
#6,Iron_Venema,215883870,216136065,252195
#7,Rouqz,140373594,140612384,238790
#8,Gat_Damn,24337424,24524166,186742
#9,Octive,139844876,140006632,161756
#10,LucyFur_iron,87836824,87971526,134702
#11,Iron_flyn,198627809,198741478,113669
#12,The_Roots,75971764,76074787,103023
#13,Iron_smorc,161206248,161306369,100121
#14,Dezq,323536408,323614067,77659
#15,Master_beast,310014357,310091658,77301
#16,S0da_ash,117781575,117853893,72318
#17,Snatzkoning,90929418,90990520,61102
#18,Dihl,118720896,118774096,53200
#19,Getlowcelot3,114917394,114968344,50950
#20,L3opoldstoch,86226420,86270353,43933
#21,SlackyQQ,131022035,131065935,43900
#22,Ekats_UK,245725092,245760825,35733
#23,Iron_nimmi,230842607,230864335,21728
#24,Haaarp,138156231,138169070,12839