Skill:,TotalXP,,Total XP gained:,30611589
#1,Tim_fe_rrell,19657829,23362277,3704448
#2,Thedyolf,106864531,108772606,1908075
#3,1iron_Reborn,329338767,331123347,1784580
#4,Grazyiron,81041072,82585493,1544421
#5,Ironodum,454687256,456190580,1503324
#6,ThedUIM,28969348,30461230,1491882
#7,Imcairnsy,60029838,61453309,1423471
#8,The_Roots,47139761,48512922,1373161
#9,Desabled,237852288,239037042,1184754
#10,Master_Beast,203215303,204316564,1101261
#11,Sabin_08,46727931,47718727,990796
#12,Swemf,39795458,40655452,859994
#13,Paganwayz,56544585,57345642,801057
#14,Druknr,111470223,112255472,785249
#15,Iron_Smorc,89060678,89836248,775570
#16,Mrh4mm3r,84258742,84968839,710097
#17,Lolland,57102163,57792024,689861
#18,Iron_Mikx,65824919,66489375,664456
#19,Mr_No_Lift,328955883,329583299,627416
#20,Pug_Soup,26632409,27216041,583632
#21,Onkie_donk,46872112,47438337,566225
#22,Spets,87644887,88179197,534310
#23,Perpetuitate,6079934,6611839,531905
#24,Juicy_Orphan,85051260,85580664,529404
#25,Boy_Jakeob,28578166,29094132,515966
#26,Rounder,136589720,137086965,497245
#27,L3opoldstoch,41921052,42398969,477917
#28,Hovmeizter,339862446,340307093,444647
#29,Jhb,374897322,375251141,353819
#30,Ir0nman_J0sh,43186042,43521885,335843
#31,Lamfear,178611326,178877731,266405
#32,236P,23851362,24097098,245736
#33,Just_Haarp,100856411,101030697,174286
#34,P4y_D1rt,31290345,31430990,140645
#35,Rouqz,114356281,114486577,130296
#36,Tetsu_Nurtaw,48361464,48475227,113763
#37,VomitValcano,45258579,45347136,88557
#38,Slique,138873291,138953252,79961
#39,Dihl,87317655,87351884,34229
#40,Virgin_Barry,17107477,17128004,20527
#41,Iron_Nimmi,135826142,135845342,19200
#42,Spartin028,91764310,91767508,3198