Skill:,TotalXP,,Total XP gained:,33505542
#1,Tim_fe_rrell,19657829,23486207,3828378
#2,1iron_Reborn,329338767,331365170,2026403
#3,Thedyolf,106864531,108784262,1919731
#4,Grazyiron,81041072,82741566,1700494
#5,Ironodum,454687256,456224775,1537519
#6,Master_Beast,203215303,204715916,1500613
#7,ThedUIM,28969348,30461230,1491882
#8,The_Roots,47139761,48578417,1438656
#9,Imcairnsy,60029838,61453309,1423471
#10,Sabin_08,46727931,48065352,1337421
#11,Druknr,111470223,112730053,1259830
#12,Desabled,237852288,239037042,1184754
#13,Paganwayz,56544585,57549852,1005267
#14,Mrh4mm3r,84258742,85231224,972482
#15,Swemf,39795458,40697851,902393
#16,Iron_Smorc,89060678,89847724,787046
#17,Lolland,57102163,57809510,707347
#18,Iron_Mikx,65824919,66489375,664456
#19,Onkie_donk,46872112,47522167,650055
#20,Mr_No_Lift,328955883,329583299,627416
#21,Spets,87644887,88250335,605448
#22,Pug_Soup,26632409,27216041,583632
#23,Perpetuitate,6079934,6611839,531905
#24,Juicy_Orphan,85051260,85580664,529404
#25,Boy_Jakeob,28578166,29106583,528417
#26,Rounder,136589720,137086965,497245
#27,L3opoldstoch,41921052,42408599,487547
#28,Hovmeizter,339862446,340307093,444647
#29,Lamfear,178611326,179019191,407865
#30,Jhb,374897322,375251141,353819
#31,Ir0nman_J0sh,43186042,43525871,339829
#32,P4y_D1rt,31290345,31542497,252152
#33,236P,23851362,24097098,245736
#34,Just_Haarp,100856411,101030697,174286
#35,Slique,138873291,139021517,148226
#36,Rouqz,114356281,114486577,130296
#37,Tetsu_Nurtaw,48361464,48475227,113763
#38,VomitValcano,45258579,45347136,88557
#39,Dihl,87317655,87351884,34229
#40,Virgin_Barry,17107477,17128004,20527
#41,Iron_Nimmi,135826142,135845342,19200
#42,Spartin028,91764310,91767508,3198