Skill:,TotalXP,,Total XP gained:,66887198
#1,Getlowcelot3,71332266,75928331,4596065
#2,Thedyolf,121880832,126124040,4243208
#3,HC_Grumio,47938712,51614838,3676126
#4,Swemf,49741362,53144455,3403093
#5,Tim_fe_rrell,31583611,34765797,3182186
#6,Sabin_08,55428899,58282357,2853458
#7,The_Roots,57216143,59822325,2606182
#8,Druknr,117991349,120586435,2595086
#9,1iron_Reborn,338758530,341265710,2507180
#10,Perpetuitate,10110191,12606039,2495848
#11,ThedUIM,42288059,44780553,2492494
#12,Iron_Smorc,93898503,96256214,2357711
#13,Iron_Keagan,114742536,117098501,2355965
#14,Iron_Nimmi,139804309,142101678,2297369
#15,N64DD,18783734,20651252,1867518
#16,Hovmeizter,342197747,344005988,1808241
#17,Master_Beast,217875691,219595787,1720096
#18,L3opoldstoch,49346606,51055724,1709118
#19,Just_Haarp,104280361,105794614,1514253
#20,Kusirusina,56783730,58097929,1314199
#21,P4y_D1rt,34131794,35300676,1168882
#22,Rouqz,118724164,119809633,1085469
#23,236P,26005554,27057730,1052176
#24,Ir0nman_J0sh,45209586,46222667,1013081
#25,Ironodum,469555003,470563728,1008725
#26,Ex_hcim_brad,65848894,66855622,1006728
#27,S0da_Ash,50052517,51045625,993108
#28,Spets,91560630,92460800,900170
#29,Solo_deejay,15770382,16664674,894292
#30,Desabled,241167798,242020047,852249
#31,Whats_Da_Ge,255606764,256435807,829043
#32,Juicy_Orphan,85761084,86583900,822816
#33,Onkie_donk,52658739,53466684,807945
#34,Pug_Soup,28885854,29597183,711329
#35,Iron_Mikx,70782033,71467543,685510
#36,Spartin028,91906814,92197616,290802
#37,Rounder,138149052,138401757,252705
#38,Mrh4mm3r,86437792,86684590,246798
#39,Virgin_Barry,18309257,18519077,209820
#40,Imcairnsy,62970167,63127877,157710
#41,Lolland,58857359,58986227,128868
#42,Slique,139846304,139921740,75436
#43,Dihl,87557586,87611892,54306
#44,Paganwayz,62356118,62399949,43831
#45,Fe_Boney_B,94527855,94527858,3