Skill:,TotalXP,,Total XP gained:,1243973
#1,Dihl,84437525,84707406,269881
#2,Spartin028,89813164,90053166,240002
#3,Thedyolf,92165204,92317609,152405
#4,Iron_Smorc,80769901,80881299,111398
#5,Mr_No_Lift,322137467,322227016,89549
#6,Master_Beast,189555576,189640951,85375
#7,Rounder,124787177,124863198,76021
#8,Grazyiron,69932985,70002490,69505
#9,Imcairnsy,58574468,58633487,59019
#10,Sobrietity,37224751,37270240,45489
#11,1iron_Reborn,321775334,321820663,45329