Skill:,TotalXP,,Total XP gained:,47424468
#1,Desabled,227820522,233560091,5739569
#2,Master_Beast,189555576,192909682,3354106
#3,Thedyolf,92165204,95418382,3253178
#4,Hovmeizter,331371870,334420539,3048669
#5,Iron_Smorc,80769901,83467154,2697253
#6,1iron_Reborn,321775334,324369969,2594635
#7,Ironodum,442821516,445392618,2571102
#8,Kusirusina,51595406,53671000,2075594
#9,Mr_No_Lift,322137467,323942825,1805358
#10,Rounder,124787177,126355746,1568569
#11,Pug_Soup,21397823,22962634,1564811
#12,Swemf,31870685,33345364,1474679
#13,Grazyiron,69932985,71404425,1471440
#14,Spartin028,89813164,91284163,1470999
#15,L3opoldstoch,35898284,37290864,1392580
#16,ThedUIM,20923101,22251975,1328874
#17,Sabin_08,41670042,42886946,1216904
#18,Virgin_Barry,15114702,16172085,1057383
#19,Mrh4mm3r,80457189,81344527,887338
#20,Lamfear,168876446,169731819,855373
#21,Onkie_donk,41700394,42506990,806596
#22,Imcairnsy,58574468,59368455,793987
#23,Dihl,84437525,85225702,788177
#24,236P,20462738,21214195,751457
#25,Rouqz,111146127,111805328,659201
#26,Juicy_Orphan,84505092,84953195,448103
#27,Lucky_Lucid,48702206,49032587,330381
#28,Iron_Mikx,61525365,61844440,319075
#29,Just_Haarp,100055670,100349416,293746
#30,Lolland,55824693,56079861,255168
#31,Jhb,373847872,374076938,229066
#32,Kyopeli,34560070,34778666,218596
#33,Solo_deejay,14399906,14469864,69958
#34,Slique,137298593,137316000,17407
#35,Ir0nman_J0sh,42544524,42554008,9484
#36,Druknr,111067230,111071605,4375
#37,Jesstice,36366491,36367768,1277