Skill:,TotalXP,,Total XP gained:,172649817
#1,Thedyolf,92165204,102999157,10833953
#2,Rounder,124787177,135076528,10289351
#3,Master_Beast,189555576,199750244,10194668
#4,Ironodum,442821516,452602110,9780594
#5,Desabled,227820522,237407247,9586725
#6,Lamfear,168876446,177191402,8314956
#7,Hovmeizter,331371870,339606406,8234536
#8,Iron_Smorc,80769901,88746295,7976394
#9,Grazyiron,69932985,76550886,6617901
#10,ThedUIM,20923101,27419395,6496294
#11,1iron_Reborn,321775334,327587710,5812376
#12,Swemf,31870685,37573509,5702824
#13,VomitValcano,39441973,45100438,5658465
#14,L3opoldstoch,35898284,41172929,5274645
#15,The_Roots,37177813,42201128,5023315
#16,Onkie_donk,41700394,46574151,4873757
#17,Mr_No_Lift,322137467,326605738,4468271
#18,Pug_Soup,21397823,25499331,4101508
#19,Sabin_08,41670042,45431171,3761129
#20,Kyopeli,34560070,38182477,3622407
#21,Kusirusina,51595406,55041197,3445791
#22,Rouqz,111146127,114182629,3036502
#23,Iron_Mikx,61525365,64364611,2839246
#24,Mrh4mm3r,80457189,82937983,2480794
#25,236P,20462738,22857003,2394265
#26,Dihl,84437525,86795185,2357660
#27,P4y_D1rt,28462972,30783563,2320591
#28,Virgin_Barry,15114702,17107477,1992775
#29,Tetsu_Nurtaw,46564186,48230975,1666789
#30,Spartin028,89813164,91443988,1630824
#31,Slique,137298593,138738860,1440267
#32,Iron_Kraydoz,16852723,18022601,1169878
#33,Whats_Da_Ge,252235618,253340396,1104778
#34,Iron_Nimmi,134011110,135104183,1093073
#35,Imcairnsy,58574468,59612718,1038250
#36,Lolland,55824693,56805023,980330
#37,Perpetuitate,4934824,5874307,939483
#38,Jhb,373847872,374639851,791979
#39,Just_Haarp,100055670,100695692,640022
#40,Ir0nman_J0sh,42544524,43120390,575866
#41,Juicy_Orphan,84505092,85051260,546168
#42,Spets,85931212,86437484,506272
#43,Lucky_Lucid,48702206,49089169,386963
#44,Solo_deejay,14399906,14710062,310156
#45,Druknr,111067230,111345815,278585
#46,Iron_Keagan,113163973,113194808,30835
#47,Karc,220354958,220379839,24881
#48,Larry_0g,167828897,167830310,1413
#49,Jesstice,36366491,36367768,1277
#50,Fuq_U_Blyat,303012428,303012463,35