Skill:,TotalXP,,Total XP gained:,910250
#1,Lucky_lucid,67308674,67613942,305268
#2,Iron_Venema,169259654,169558674,299020
#3,Iron_flyn,133685102,133802638,117536
#4,Thedyolf,149951372,150037302,85930
#5,Getlowcelot3,90521608,90560352,38744
#6,Temku,79729035,79758363,29328
#7,Iron_nimmi,171799199,171814177,14978
#8,HC_Grumio,81842943,81850818,7875
#9,LucyFur_iron,64293315,64300325,7010
#10,Sobrietity,59485775,59490336,4561