Skill:,TotalXP,,Total XP gained:,18642597
#1,Master_Beast,189555576,191868400,2312824
#2,Thedyolf,92165204,93420029,1254825
#3,Mr_No_Lift,322137467,323301767,1164300
#4,Grazyiron,69932985,71082996,1150011
#5,Spartin028,89813164,90940872,1127708
#6,1iron_Reborn,321775334,322894082,1118748
#7,Desabled,227820522,228907873,1087351
#8,Iron_Smorc,80769901,81832281,1062380
#9,Swemf,31870685,32828363,957678
#10,Ironodum,442821516,443762509,940993
#11,Rounder,124787177,125551949,764772
#12,Sobrietity,37224751,37941124,716373
#13,ThedUIM,20923101,21605133,682032
#14,Sabin_08,41670042,42212912,542870
#15,L3opoldstoch,35898284,36440281,541997
#16,Dihl,84437525,84962527,525002
#17,Virgin_Barry,15114702,15485689,370987
#18,Hovmeizter,331371870,331740214,368344
#19,Imcairnsy,58574468,58929837,355369
#20,Lamfear,168876446,169180023,303577
#21,Kusirusina,51595406,51875571,280165
#22,Just_Haarp,100055670,100334001,278331
#23,Pug_Soup,21397823,21584590,186767
#24,236P,20462738,20617233,154495
#25,Onkie_donk,41700394,41797709,97315
#26,Iron_Mikx,61525365,61610403,85038
#27,Mrh4mm3r,80457189,80528366,71177
#28,Lolland,55824693,55883429,58736
#29,Kyopeli,34560070,34614793,54723
#30,Slique,137298593,137316000,17407
#31,Ir0nman_J0sh,42544524,42550451,5927
#32,Druknr,111067230,111071605,4375