Skill:,TotalXP,,Total XP gained:,1091180
#1,Crulious,111348420,111667653,319233
#2,Thedyolf,211962911,212200783,237872
#3,Iron_Venema,215883870,216043425,159555
#4,LucyFur_iron,87836824,87971526,134702
#5,Lucky_Lucid,128403658,128497690,94032
#6,Iron_flyn,198627809,198686905,59096
#7,Home_Workout,119921407,119956918,35511
#8,Gat_Damn,24337424,24371472,34048
#9,Octive,139844876,139854306,9430
#10,Rouqz,140373594,140381222,7628
#11,Druknr,240201603,240201676,73