Skill:,TotalXP,,Total XP gained:,2776965
#1,IronOdum,555395462,555925020,529558
#2,Getlowcelot3,108207470,108611493,404023
#3,Lucky_Lucid,117511966,117776287,264321
#4,Thedyolf,197105947,197346043,240096
#5,Lil_SadBoy,67867572,68051820,184248
#6,Paganwayz,88468052,88649538,181486
#7,Home_Workout,102417499,102587907,170408
#8,Druknr,221016900,221123409,106509
#9,Tetsu_nurtaw,136792358,136893258,100900
#10,Master_beast,297034875,297134836,99961
#11,Dezq,316463640,316561014,97374
#12,Hovmeizter,445515642,445601230,85588
#13,Iron_smorc,149567770,149649773,82003
#14,Octive,135606164,135646230,40066
#15,Iron_Tonkin,115392146,115431190,39044
#16,Ekats_UK,241702628,241738381,35753
#17,LucyFur_iron,77663818,77697552,33734
#18,Iron_Venema,200011159,200041793,30634
#19,Crulious,98672642,98692905,20263
#20,Confused_Seb,18799148,18818586,19438
#21,Iron_Island,33057353,33062032,4679
#22,Ex_hcim_brad,90615795,90619907,4112
#23,S0da_ash,112384000,112385976,1976
#24,Iron_Grumio,192904510,192905301,791