Skill:,TotalXP,,Total XP gained:,1024984
#1,Lucky_lucid,67308674,67613942,305268
#2,Iron_Venema,169259654,169558674,299020
#3,Iron_flyn,133685102,133866359,181257
#4,Thedyolf,149951372,150037302,85930
#5,Sobrietity,59485775,59541349,55574
#6,Getlowcelot3,90521608,90560352,38744
#7,Temku,79729035,79758363,29328
#8,Iron_nimmi,171799199,171814177,14978
#9,HC_Grumio,81842943,81850818,7875
#10,LucyFur_iron,64293315,64300325,7010