Skill:,TotalXP,,Total XP gained:,185862613
#1,Tetsu_nurtaw,86221916,103930699,17708783
#2,Master_beast,262348536,276021987,13673451
#3,Hovis_loaf,75950296,87821196,11870900
#4,Iron_nimmi,188537213,199280756,10743543
#5,Iron_flyn,136758235,146634954,9876719
#6,Tim_fe_rrell,74415473,83471934,9056461
#7,IronOdum,497795734,506773710,8977976
#8,Octive,123373159,131910146,8536987
#9,Thedyolf,167070908,175446167,8375259
#10,Druknr,194282413,202099961,7817548
#11,Temku,91144682,98117029,6972347
#12,HC_Grumio,92116531,98857335,6740804
#13,SlackyQQ,107052956,113526348,6473392
#14,Getlowcelot3,95315083,101381109,6066026
#15,Iron_Venema,183829128,189094005,5264877
#16,Lil_SadBoy,52235667,57368471,5132804
#17,Hovmeizter,406922176,411647689,4725513
#18,Iron_smorc,128592489,133013646,4421157
#19,S0da_ash,96190827,100029578,3838751
#20,Saggy_bewbz,22450092,25934599,3484507
#21,TwigQQ,107062850,110438357,3375507
#22,Dezq,306919790,310211567,3291777
#23,L3opoldstoch,72401653,75234062,2832409
#24,IronSlainRev,33557837,35926586,2368749
#25,Shuryo_Tora,70904225,72866704,1962479
#26,Spets,119974269,121913465,1939196
#27,Twig_HC,85671,2017489,1931818
#28,Putrid,42923145,44750876,1827731
#29,HC_Kippster0,2653663,4229952,1576289
#30,LucyFur_iron,70858509,72272824,1414315
#31,Iron_Island,21767277,23076856,1309579
#32,Ex_hcim_brad,84614851,85674761,1059910
#33,Jesstice,47825344,48763482,938138
#34,Rounder,142196356,142344174,147818
#35,Ekats_UK,221130817,221259910,129093