Skill:,TotalXP,,Total XP gained:,24122711
#1,Master_Beast,189555576,192170807,2615231
#2,Desabled,227820522,229899142,2078620
#3,Thedyolf,92165204,93906411,1741207
#4,Grazyiron,69932985,71289369,1356384
#5,Mr_No_Lift,322137467,323492787,1355320
#6,Iron_Smorc,80769901,82078998,1309097
#7,Ironodum,442821516,444080132,1258616
#8,1iron_Reborn,321775334,323014119,1238785
#9,Spartin028,89813164,90945072,1131908
#10,Swemf,31870685,32952318,1081633
#11,Rounder,124787177,125669786,882609
#12,ThedUIM,20923101,21793413,870312
#13,Sobrietity,37224751,38060810,836059
#14,L3opoldstoch,35898284,36656522,758238
#15,Sabin_08,41670042,42384806,714764
#16,Dihl,84437525,85103405,665880
#17,Imcairnsy,58574468,59208237,633769
#18,Kusirusina,51595406,52173395,577989
#19,Virgin_Barry,15114702,15657112,542410
#20,Lamfear,168876446,169340585,464139
#21,Hovmeizter,331371870,331740214,368344
#22,Iron_Mikx,61525365,61844440,319075
#23,Pug_Soup,21397823,21704883,307060
#24,Just_Haarp,100055670,100348711,293041
#25,236P,20462738,20692583,229845
#26,Mrh4mm3r,80457189,80590965,133776
#27,Lolland,55824693,55950981,126288
#28,Onkie_donk,41700394,41797709,97315
#29,Kyopeli,34560070,34614793,54723
#30,Lucky_Lucid,48702206,48754771,52565
#31,Slique,137298593,137316000,17407
#32,Ir0nman_J0sh,42544524,42550451,5927
#33,Druknr,111067230,111071605,4375