Skill:,TotalXP,,Total XP gained:,32054141
#1,Iron_Tonkin,139690321,142382680,2692359
#2,Druknr,240201603,242869277,2667674
#3,The_Roots,75971764,78056635,2084871
#4,Home_Workout,119921407,121966424,2045017
#5,Rouqz,140373594,142193406,1819812
#6,Crulious,111348420,113142406,1793986
#7,Lucky_Lucid,128403658,130157280,1753622
#8,Thedyolf,211962911,213700551,1737640
#9,Gat_Damn,24337424,25760226,1422802
#10,Iron_Venema,215883870,217241374,1357504
#11,L3opoldstoch,86226420,87461543,1235123
#12,Master_beast,310014357,311220092,1205735
#13,Dezq,323536408,324733273,1196865
#14,Dihl,118720896,119618545,897649
#15,Iron_smorc,161206248,161935459,729211
#16,Octive,139844876,140551527,706651
#17,Tim_fe_rrell,106541876,107164054,622178
#18,Ekats_UK,245725092,246347167,622075
#19,Iron_nimmi,230842607,231430049,587442
#20,1Iron_Reborn,394142771,394717436,574665
#21,Temku,124772757,125323675,550918
#22,Iron_flyn,198627809,199163948,536139
#23,Snatzkoning,90929418,91383905,454487
#24,S0da_ash,117781575,118226926,445351
#25,LucyFur_iron,87836824,88271834,435010
#26,SlackyQQ,131022035,131407679,385644
#27,Hovmeizter,452185587,452549863,364276
#28,HC_Kippster0,18911773,19193185,281412
#29,Confused_Seb,22668669,22828711,160042
#30,Iron_Island,35143747,35295649,151902
#31,IronSlainRev,44443423,44564640,121217
#32,Getlowcelot3,114917394,115037135,119741
#33,Lil_SadBoy,71378359,71494491,116132
#34,Haaarp,138156231,138217437,61206
#35,Ex_hcim_brad,97674672,97732043,57371
#36,Iron_Grumio,200492876,200522692,29816
#37,Boy_Jakeob,39571229,39600151,28922
#38,Wolowizzle,188669307,188670981,1674