Skill:,TotalXP,,Total XP gained:,1887938
#1,Thedyolf,121880832,122389397,508565
#2,Iron_Nimmi,139804309,140287005,482696
#3,ThedUIM,42288059,42507766,219707
#4,Iron_Smorc,93898503,94094567,196064
#5,Iron_Keagan,114742536,114862875,120339
#6,Tim_fe_rrell,31583611,31691063,107452
#7,Whats_Da_Ge,255606764,255683820,77056
#8,Pug_Soup,28885854,28940968,55114
#9,Getlowcelot3,71332266,71379586,47320
#10,Sabin_08,55428899,55473643,44744
#11,236P,26005554,26034435,28881