Skill:,TotalXP,,Total XP gained:,354438351
#1,IronOdum,516590550,555395462,38804912
#2,Hovmeizter,423316473,445515642,22199169
#3,Tetsu_nurtaw,116000513,136792358,20791845
#4,Iron_flyn,158317073,175127269,16810196
#5,Lucky_Lucid,102983767,117425979,14442212
#6,Thedyolf,183772692,197105947,13333255
#7,Paganwayz,76011250,88468052,12456802
#8,Druknr,209828298,221016900,11188602
#9,Iron_nimmi,207592921,218740181,11147260
#10,Tim_fe_rrell,88237935,99277264,11039329
#11,Hovis_loaf,101576078,112426315,10850237
#12,Master_beast,286367783,297034875,10667092
#13,Temku,106114149,116395142,10280993
#14,Spets,127121440,137241417,10119977
#15,Ekats_UK,231724051,241702628,9978577
#16,Putrid,47235395,56916336,9680941
#17,Iron_smorc,139992035,149535850,9543815
#18,Conztant,142522578,151738209,9215631
#19,Iron_Grumio,183778500,192904510,9126010
#20,SlackyQQ,119241910,127965885,8723975
#21,Home_Workout,94955222,102417499,7462277
#22,Lil_SadBoy,60505318,67867572,7362254
#23,Dihl,103991303,111082136,7090833
#24,S0da_ash,105306917,112384000,7077083
#25,Iron_Venema,193225946,200011159,6785213
#26,Iron_Tonkin,109407945,115392146,5984201
#27,Dezq,311198202,316463640,5265438
#28,HC_Kippster0,7263195,12405138,5141943
#29,Iron_Island,28110009,33057353,4947344
#30,LucyFur_iron,73150515,77663818,4513303
#31,IronSlainRev,38293757,42395937,4102180
#32,Getlowcelot3,104281583,108207470,3925887
#33,Saggy_bewbz,28635273,32500922,3865649
#34,Boy_Jakeob,37922779,39424969,1502190
#35,Ex_hcim_brad,89067175,90533820,1466645
#36,Haaarp,135185495,136633287,1447792
#37,Octive,134212156,135606164,1394008
#38,Rounder,145539940,146922384,1382444
#39,L3opoldstoch,75264232,76303373,1039141
#40,Wolowizzle,186190343,187180266,989923
#41,Shuryo_Tora,73733596,74446037,712441
#42,Confused_Seb,18266701,18799148,532447
#43,TwigQQ,110474792,110504404,29612
#44,The_Roots,61858229,61875502,17273