Skill:,TotalXP,,Total XP gained:,158517684
#1,Rounder,101550143,114884969,13334826
#2,Slique,124960293,134184876,9224583
#3,Desabled,211817609,220535036,8717427
#4,Lucky_Lucid,38879526,46940615,8061089
#5,Grazyiron,59748410,67362711,7614301
#6,Druknr,102757168,110036383,7279215
#7,Master_Beast,172033136,178311403,6278267
#8,7_7_3_4,103164684,109085277,5920593
#9,Iron_Smorc,69963732,75804743,5841011
#10,Sobrietity,26911056,32611368,5700312
#11,N64DD,13421833,18783659,5361826
#12,Kusirusina,44013637,48890069,4876432
#13,Ironodum,432083889,436567323,4483434
#14,ThedUIM,14704775,18991276,4286501
#15,Aviron_nz,90353139,94531236,4178097
#16,Outs,95460971,99442526,3981555
#17,Getlowcelot3,65176759,69002783,3826024
#18,L3opoldstoch,29516822,33196755,3679933
#19,Hovmeizter,318127532,321671358,3543826
#20,1iron_Reborn,316836794,319930911,3094117
#21,Sabin_08,36816335,39898426,3082091
#22,Kyopeli,29859304,32835921,2976617
#23,Mr_No_Lift,314774730,317748431,2973701
#24,Iron_Nimmi,129185873,131920124,2734251
#25,Thedyolf,87450182,89876271,2426089
#26,Karc,218174844,220354958,2180114
#27,Onkie_donk,39364308,41539674,2175366
#28,Just_Haarp,93927915,95895349,1967434
#29,Juicy_Orphan,80986831,82930121,1943290
#30,236P,17206637,19061380,1854743
#31,Iron_Keagan,110117848,111767256,1649408
#32,Boy_Jakeob,26970230,28491781,1521551
#33,Iron_K9,0,1504886,1504886
#34,Virgin_Barry,12577950,13861204,1283254
#35,Spartin028,86079944,87293202,1213258
#36,Ir0nman_J0sh,41310568,42416882,1106314
#37,Dihl,81504561,82554843,1050282
#38,Solo_deejay,13257068,14215025,957957
#39,Mrh4mm3r,78823277,79612612,789335
#40,Iron_Mikx,60592198,61137366,545168
#41,DAMNITrone,10729583,11242498,512915
#42,Goneau,7162711,7669014,506303
#43,Larry_0g,167325781,167828897,503116
#44,Whats_Da_Ge,251754529,252224710,470181
#45,Whats_A_Ge,14234658,14589802,355144
#46,Jhb,372510093,372853784,343691
#47,Lolland,54997775,55184835,187060
#48,Lamfear,168234943,168406628,171685
#49,SlackyQQ,89607351,89759999,152648
#50,Imcairnsy,58447819,58542739,94920
#51,Fe_Boney_B,94526389,94527849,1460
#52,Young_X,17568586,17568634,48
#53,Hudson,114347407,114347442,35