Skill:,TotalXP,,Total XP gained:,10757239
#1,Thedyolf,121880832,123172480,1291648
#2,Getlowcelot3,71332266,72359056,1026790
#3,1iron_Reborn,338758530,339757132,998602
#4,ThedUIM,42288059,43082956,794897
#5,Iron_Nimmi,139804309,140431630,627321
#6,Ironodum,469555003,470096437,541434
#7,Tim_fe_rrell,31583611,32049621,466010
#8,Iron_Keagan,114742536,115191196,448660
#9,Sabin_08,55428899,55873018,444119
#10,Kusirusina,56783730,57214543,430813
#11,Master_Beast,217875691,218269849,394158
#12,Iron_Smorc,93898503,94290084,391581
#13,Whats_Da_Ge,255606764,255943636,336872
#14,236P,26005554,26259759,254205
#15,Ir0nman_J0sh,45209586,45453246,243660
#16,Just_Haarp,104280361,104509581,229220
#17,Ex_hcim_brad,65848894,66068047,219153
#18,Spartin028,91906814,92124530,217716
#19,Iron_Mikx,70782033,70966460,184427
#20,HC_Grumio,47938712,48113267,174555
#21,Perpetuitate,10110191,10272919,162728
#22,Pug_Soup,28885854,29019976,134122
#23,P4y_D1rt,34131794,34265852,134058
#24,Solo_deejay,15770382,15888755,118373
#25,Imcairnsy,62970167,63082830,112663
#26,Hovmeizter,342197747,342309152,111405
#27,L3opoldstoch,49346606,49444277,97671
#28,Slique,139846304,139916440,70136
#29,Desabled,241167798,241220070,52272
#30,Swemf,49741362,49766512,25150
#31,Virgin_Barry,18309257,18329702,20445
#32,Onkie_donk,52658739,52661114,2375