Skill:,TotalXP,,Total XP gained:,338631490
#1,Tetsu_nurtaw,86221916,113693726,27471810
#2,Hovis_loaf,75950296,98572324,22622028
#3,Master_beast,262348536,283182027,20833491
#4,Iron_flyn,136758235,156561341,19803106
#5,Iron_nimmi,188537213,206215844,17678631
#6,Thedyolf,167070908,182732054,15661146
#7,IronOdum,497795734,512997078,15201344
#8,Hovmeizter,406922176,420637723,13715547
#9,Druknr,194282413,207783369,13500956
#10,LuckyLucidQQ,86146653,99640706,13494053
#11,Tim_fe_rrell,74415473,86497287,12081814
#12,Temku,91144682,102960815,11816133
#13,SlackyQQ,107052956,118770750,11717794
#14,Octive,123373159,133963143,10589984
#15,Iron_smorc,128592489,137944784,9352295
#16,Getlowcelot3,95315083,104281583,8966500
#17,S0da_ash,96190827,104413050,8222223
#18,Iron_Venema,183829128,191311071,7481943
#19,Spets,119974269,127121440,7147171
#20,Lil_SadBoy,52235667,59284760,7049093
#21,Iron_Island,21767277,27265892,5498615
#22,Saggy_bewbz,22450092,27544205,5094113
#23,Ekats_UK,221130817,226040663,4909846
#24,Conztant,136815928,141217722,4401794
#25,Putrid,42923145,47235395,4312250
#26,Paganwayz,70903887,75094613,4190726
#27,HC_Kippster0,2653663,6664079,4010416
#28,Dezq,306919790,310854947,3935157
#29,IronSlainRev,33557837,37421994,3864157
#30,Ex_hcim_brad,84614851,88110494,3495643
#31,TwigQQ,107062850,110461034,3398184
#32,Rounder,142196356,145228241,3031885
#33,L3opoldstoch,72401653,75264232,2862579
#34,Shuryo_Tora,70904225,73733596,2829371
#35,Twig_HC,85671,2753053,2667382
#36,LucyFur_iron,70858509,73150515,2292006
#37,Jesstice,47825344,49100298,1274954
#38,Haaarp,134298782,135178501,879719
#39,The_Roots,61133431,61841624,708193
#40,Iron_Grumio,182637662,183205100,567438