Skill:,TotalXP,,Total XP gained:,201985631
#1,IronOdum,516590550,545369346,28778796
#2,Hovmeizter,423316473,434548579,11232106
#3,Tetsu_nurtaw,116000513,126204701,10204188
#4,Hovis_loaf,101576078,110694104,9118026
#5,Iron_flyn,158317073,166447954,8130881
#6,Temku,106114149,113939930,7825781
#7,Ekats_UK,231724051,239186154,7462103
#8,Conztant,142522578,149667653,7145075
#9,Tim_fe_rrell,88237935,94866925,6628990
#10,Lucky_Lucid,102983767,109560708,6576941
#11,Iron_nimmi,207592921,213884935,6292014
#12,Spets,127121440,133184020,6062580
#13,S0da_ash,105306917,111226587,5919670
#14,Iron_Grumio,183778500,189681917,5903417
#15,Putrid,47235395,52867023,5631628
#16,Druknr,209828298,215259252,5430954
#17,Paganwayz,76011250,81237577,5226327
#18,Thedyolf,183772692,188942426,5169734
#19,SlackyQQ,119241910,124181626,4939716
#20,Dihl,103991303,108920849,4929546
#21,Iron_smorc,139992035,144909473,4917438
#22,BrandonsIron,4560551,9066879,4506328
#23,Master_beast,286367783,290762999,4395216
#24,Iron_Venema,193225946,197140952,3915006
#25,Lil_SadBoy,60505318,64323444,3818126
#26,Dezq,311198202,314777122,3578920
#27,Iron_Island,28110009,31280415,3170406
#28,HC_Kippster0,7263195,10202764,2939569
#29,IronSlainRev,38293757,41144940,2851183
#30,LucyFur_iron,73150515,75140439,1989924
#31,Saggy_bewbz,28635273,30451277,1816004
#32,Haaarp,135185495,136278621,1093126
#33,Ex_hcim_brad,89067175,90109870,1042695
#34,Rounder,145539940,146529320,989380
#35,Iron_Tonkin,109407945,110186233,778288
#36,Octive,134212156,134812594,600438
#37,Boy_Jakeob,37922779,38365546,442767
#38,Shuryo_Tora,73733596,74163139,429543
#39,Home_Workout,94955222,95040750,85528
#40,The_Roots,61858229,61875502,17273