Skill:,TotalXP,,Total XP gained:,27498773
#1,Desabled,295039941,298679661,3639720
#2,Iron_nimmi,171799199,174409102,2609903
#3,Lucky_lucid,67308674,69861981,2553307
#4,Thedyolf,149951372,152374806,2423434
#5,Iron_Venema,169259654,171061631,1801977
#6,Druknr,180515633,182224888,1709255
#7,Iron_flyn,133685102,135293598,1608496
#8,Jesstice,41046681,42573172,1526491
#9,Spets,111651581,113076216,1424635
#10,LucyFur_iron,64293315,65489250,1195935
#11,Lil_SadBoy,46848606,48010775,1162169
#12,Master_beast,248514727,249635225,1120498
#13,Sobrietity,59485775,60590239,1104464
#14,Temku,79729035,80580765,851730
#15,Octive,115033754,115881335,847581
#16,Getlowcelot3,90521608,90993917,472309
#17,IronSlainRev,30950159,31404787,454628
#18,Iron_smorc,125349693,125686334,336641
#19,Tetsu_nurtaw,68232570,68550336,317766
#20,Putrid,40775226,40954726,179500
#21,Rounder,138642777,138724646,81869
#22,HC_Grumio,81842943,81899890,56947
#23,Ex_hcim_brad,82952029,82971487,19458
#24,S0da_ash,92863702,92863762,60