Skill:,TotalXP,,Total XP gained:,1080306
#1,Lucky_lucid,67308674,67619551,310877
#2,Iron_Venema,169259654,169558674,299020
#3,Iron_flyn,133685102,133868749,183647
#4,Thedyolf,149951372,150037302,85930
#5,Sobrietity,59485775,59541349,55574
#6,Druknr,180515633,180562956,47323
#7,Getlowcelot3,90521608,90560352,38744
#8,Temku,79729035,79758363,29328
#9,Iron_nimmi,171799199,171814177,14978
#10,HC_Grumio,81842943,81850818,7875
#11,LucyFur_iron,64293315,64300325,7010