Skill:,TotalXP,,Total XP gained:,192986303
#1,Thedyolf,92165204,104564185,12398981
#2,Master_Beast,189555576,201101942,11546366
#3,Ironodum,442821516,454222916,11401400
#4,Rounder,124787177,136033626,11246449
#5,Desabled,227820522,237454562,9634040
#6,Lamfear,168876446,178027833,9151387
#7,Grazyiron,69932985,79006826,9073841
#8,Hovmeizter,331371870,339862446,8490576
#9,Iron_Smorc,80769901,88954836,8184935
#10,The_Roots,37177813,45006308,7828495
#11,ThedUIM,20923101,27638837,6715736
#12,Swemf,31870685,38522381,6651696
#13,1iron_Reborn,321775334,327958112,6182778
#14,VomitValcano,39441973,45232904,5790931
#15,L3opoldstoch,35898284,41548045,5649761
#16,Mr_No_Lift,322137467,327528471,5391004
#17,Onkie_donk,41700394,46648178,4947784
#18,Pug_Soup,21397823,26284308,4886485
#19,Sabin_08,41670042,46169365,4499323
#20,Kyopeli,34560070,38182477,3622407
#21,Kusirusina,51595406,55041197,3445791
#22,Iron_Mikx,61525365,64784746,3259381
#23,Rouqz,111146127,114238038,3091911
#24,236P,20462738,23264557,2801819
#25,Mrh4mm3r,80457189,83100546,2643357
#26,Dihl,84437525,86994541,2557016
#27,P4y_D1rt,28462972,30999230,2536258
#28,Virgin_Barry,15114702,17107477,1992775
#29,Iron_Nimmi,134011110,135771501,1760391
#30,Tetsu_Nurtaw,46564186,48230975,1666789
#31,Spartin028,89813164,91458265,1645101
#32,Slique,137298593,138738860,1440267
#33,Iron_Kraydoz,16852723,18022601,1169878
#34,Whats_Da_Ge,252235618,253340396,1104778
#35,Imcairnsy,58574468,59674250,1099782
#36,Lolland,55824693,56885950,1061257
#37,Perpetuitate,4934824,5936231,1001407
#38,Tim_fe_rrell,17124202,18029494,905292
#39,Just_Haarp,100055670,100856411,800741
#40,Jhb,373847872,374645669,797797
#41,Spets,85931212,86607110,675898
#42,Ir0nman_J0sh,42544524,43120390,575866
#43,Juicy_Orphan,84505092,85051260,546168
#44,Lucky_Lucid,48702206,49101955,399749
#45,Solo_deejay,14399906,14748921,349015
#46,Druknr,111067230,111372233,305003
#47,Iron_Keagan,113163973,113194808,30835
#48,Karc,220354958,220379839,24881
#49,Larry_0g,167828897,167830310,1413
#50,Jesstice,36366491,36367768,1277
#51,Fuq_U_Blyat,303012428,303012463,35