Skill:,TotalXP,,Total XP gained:,46217448
#1,Tetsu_nurtaw,86221916,90352917,4131001
#2,Iron_nimmi,188537213,192527731,3990518
#3,Master_beast,262348536,265850367,3501831
#4,Thedyolf,167070908,170451062,3380154
#5,Lucky_lucid,86146653,88567574,2420921
#6,IronOdum,497795734,500099021,2303287
#7,Tim_fe_rrell,74415473,76709053,2293580
#8,SlackyQQ,107052956,109262025,2209069
#9,Dezq,306919790,308919066,1999276
#10,Getlowcelot3,95315083,97029781,1714698
#11,Druknr,194282413,195955997,1673584
#12,Iron_smorc,128592489,130187741,1595252
#13,Iron_Venema,183829128,185123355,1294227
#14,Lil_SadBoy,52235667,53502222,1266555
#15,HC_Grumio,92116531,93369846,1253315
#16,Hovmeizter,406922176,408145318,1223142
#17,Temku,91144682,92359144,1214462
#18,S0da_ash,96190827,97376140,1185313
#19,Octive,123373159,124538710,1165551
#20,TwigQQ,107062850,108139196,1076346
#21,L3opoldstoch,72401653,73446590,1044937
#22,Hovis_loaf,75950296,76760327,810031
#23,Iron_flyn,136758235,137527946,769711
#24,IronSlainRev,33557837,34292635,734798
#25,LucyFur_iron,70858509,71405684,547175
#26,HC_Kippster0,2653663,3089730,436067
#27,Shuryo_Tora,70904225,71334231,430006
#28,Spets,119974269,120363129,388860
#29,Ex_hcim_brad,84614851,84776457,161606
#30,Rounder,142196356,142198531,2175