Skill:,TotalXP,,Total XP gained:,38894164
#1,Tetsu_nurtaw,136792358,141874987,5082629
#2,Getlowcelot3,108207470,110854309,2646839
#3,Iron_Tonkin,115392146,117929169,2537023
#4,IronOdum,555395462,557669474,2274012
#5,Master_beast,297034875,298745812,1710937
#6,Iron_Venema,200011159,201645020,1633861
#7,Druknr,221016900,222594666,1577766
#8,Lil_SadBoy,67867572,69305805,1438233
#9,Lucky_Lucid,117511966,118936742,1424776
#10,Thedyolf,197105947,198476756,1370809
#11,Hovmeizter,445515642,446841159,1325517
#12,Temku,116395142,117708010,1312868
#13,Conztant,151738209,153041525,1303316
#14,Home_Workout,102417499,103674225,1256726
#15,Iron_flyn,175184201,176416572,1232371
#16,Iron_smorc,149567770,150796376,1228606
#17,Iron_nimmi,218928095,220086542,1158447
#18,Paganwayz,88468052,89431530,963478
#19,LucyFur_iron,77663818,78562912,899094
#20,Iron_Island,33057353,33933507,876154
#21,Iron_Grumio,192904510,193549860,645350
#22,L3opoldstoch,76303373,76933247,629874
#23,Ex_hcim_brad,90615795,91244654,628859
#24,IronSlainRev,42395937,42855129,459192
#25,Dezq,316463640,316890354,426714
#26,Crulious,98672642,99071054,398412
#27,Confused_Seb,18799148,19166087,366939
#28,Ekats_UK,241702628,242054678,352050
#29,S0da_ash,112384000,112707492,323492
#30,Dihl,111082136,111318841,236705
#31,Octive,135606164,135837303,231139
#32,Tim_fe_rrell,99285253,99512048,226795
#33,HC_Kippster0,12405138,12582769,177631
#34,Hovis_loaf,112426315,112599534,173219
#35,Haaarp,136633287,136800846,167559
#36,Rounder,146922384,147050648,128264
#37,Wolowizzle,187180266,187242349,62083
#38,Saggy_bewbz,32500922,32507347,6425