Skill:,TotalXP,,Total XP gained:,1240952
#1,Tim_fe_rrell,19657829,20195167,537338
#2,Mr_No_Lift,328955883,329198542,242659
#3,ThedUIM,28969348,29128257,158909
#4,Sabin_08,46727931,46797515,69584
#5,1iron_Reborn,329338767,329392635,53868
#6,Iron_Smorc,89060678,89114478,53800
#7,Mrh4mm3r,84258742,84298098,39356
#8,Ir0nman_J0sh,43186042,43214242,28200
#9,The_Roots,47139761,47164550,24789
#10,Grazyiron,81041072,81059356,18284
#11,Boy_Jakeob,28578166,28592328,14162
#12,Druknr,111470223,111470226,3