Skill:,TotalXP,,Total XP gained:,29052038
#1,Thedyolf,121880832,124805745,2924913
#2,Getlowcelot3,71332266,73936145,2603879
#3,1iron_Reborn,338758530,340707253,1948723
#4,ThedUIM,42288059,44114334,1826275
#5,HC_Grumio,47938712,49566374,1627662
#6,Sabin_08,55428899,56830915,1402016
#7,Tim_fe_rrell,31583611,32905550,1321939
#8,Kusirusina,56783730,58097859,1314129
#9,Iron_Keagan,114742536,115915750,1173214
#10,Swemf,49741362,50708427,967065
#11,Iron_Smorc,93898503,94813010,914507
#12,Iron_Nimmi,139804309,140716397,912088
#13,Perpetuitate,10110191,10953548,843357
#14,236P,26005554,26802031,796477
#15,L3opoldstoch,49346606,50033751,687145
#16,Ironodum,469555003,470223911,668908
#17,Desabled,241167798,241833907,666109
#18,Hovmeizter,342197747,342848394,650647
#19,Master_Beast,217875691,218504412,628721
#20,Whats_Da_Ge,255606764,256148151,541387
#21,Rouqz,118724164,119234461,510297
#22,Just_Haarp,104280361,104771517,491156
#23,Ir0nman_J0sh,45209586,45697409,487823
#24,Iron_Mikx,70782033,71173603,391570
#25,Spets,91560630,91935605,374975
#26,P4y_D1rt,34131794,34491982,360188
#27,Ex_hcim_brad,65848894,66195730,346836
#28,Pug_Soup,28885854,29222326,336472
#29,Solo_deejay,15770382,16023806,253424
#30,Spartin028,91906814,92153800,246986
#31,The_Roots,57216143,57398881,182738
#32,Onkie_donk,52658739,52827946,169207
#33,Imcairnsy,62970167,63119258,149091
#34,Virgin_Barry,18309257,18403720,94463
#35,N64DD,18783734,18872346,88612
#36,Slique,139846304,139916440,70136
#37,Lolland,58857359,58906291,48932
#38,Rounder,138149052,138167168,18116
#39,Mrh4mm3r,86437792,86449647,11855