Skill:,TotalXP,,Total XP gained:,10993576
#1,Master_Beast,189555576,191238211,1682635
#2,Spartin028,89813164,90841797,1028633
#3,Iron_Smorc,80769901,81597742,827841
#4,Thedyolf,92165204,92862179,696975
#5,Grazyiron,69932985,70621887,688902
#6,Desabled,227820522,228435905,615383
#7,Swemf,31870685,32408239,537554
#8,Ironodum,442821516,443318295,496779
#9,ThedUIM,20923101,21372979,449878
#10,L3opoldstoch,35898284,36317832,419548
#11,Dihl,84437525,84856407,418882
#12,Hovmeizter,331371870,331740214,368344
#13,Mr_No_Lift,322137467,322497269,359802
#14,Sobrietity,37224751,37563015,338264
#15,Imcairnsy,58574468,58878477,304009
#16,Sabin_08,41670042,41966487,296445
#17,Virgin_Barry,15114702,15410409,295707
#18,Rounder,124787177,125046200,259023
#19,1iron_Reborn,321775334,321990085,214751
#20,Just_Haarp,100055670,100253830,198160
#21,236P,20462738,20617018,154280
#22,Pug_Soup,21397823,21541949,144126
#23,Kusirusina,51595406,51682540,87134
#24,Iron_Mikx,61525365,61600083,74718
#25,Slique,137298593,137316000,17407
#26,7_7_3_4,111146127,111161139,15012
#27,Ir0nman_J0sh,42544524,42547908,3384