Skill:,TotalXP,,Total XP gained:,348457919
#1,IronOdum,516590550,555273332,38682782
#2,Hovmeizter,423316473,444881385,21564912
#3,Tetsu_nurtaw,116000513,136674438,20673925
#4,Iron_flyn,158317073,174554055,16236982
#5,Lucky_Lucid,102983767,117410743,14426976
#6,Thedyolf,183772692,197105947,13333255
#7,Paganwayz,76011250,88410427,12399177
#8,Tim_fe_rrell,88237935,99234276,10996341
#9,Iron_nimmi,207592921,218545882,10952961
#10,Hovis_loaf,101576078,112426315,10850237
#11,Druknr,209828298,220647345,10819047
#12,Master_beast,286367783,296960221,10592438
#13,Temku,106114149,116310299,10196150
#14,Spets,127121440,137241417,10119977
#15,Ekats_UK,231724051,241563180,9839129
#16,Putrid,47235395,56916336,9680941
#17,Iron_smorc,139992035,149310820,9318785
#18,Conztant,142522578,151712987,9190409
#19,Iron_Grumio,183778500,192734204,8955704
#20,SlackyQQ,119241910,127922799,8680889
#21,Home_Workout,94955222,102181015,7225793
#22,Dihl,103991303,111082136,7090833
#23,Lil_SadBoy,60505318,67471380,6966062
#24,S0da_ash,105306917,111927488,6620571
#25,Iron_Venema,193225946,199748173,6522227
#26,Iron_Tonkin,109407945,115124508,5716563
#27,HC_Kippster0,7263195,12405138,5141943
#28,Dezq,311198202,316307897,5109695
#29,Iron_Island,28110009,32988443,4878434
#30,LucyFur_iron,73150515,77441268,4290753
#31,IronSlainRev,38293757,42387836,4094079
#32,Saggy_bewbz,28635273,32491227,3855954
#33,Getlowcelot3,104281583,107866577,3584994
#34,Boy_Jakeob,37922779,39424969,1502190
#35,Octive,134212156,135606164,1394008
#36,Haaarp,135185495,136572297,1386802
#37,Rounder,145539940,146911926,1371986
#38,Ex_hcim_brad,89067175,90404834,1337659
#39,Wolowizzle,186190343,187139901,949558
#40,Shuryo_Tora,73733596,74446037,712441
#41,L3opoldstoch,75264232,75879257,615025
#42,Confused_Seb,18266701,18799148,532447
#43,TwigQQ,110474792,110504404,29612
#44,The_Roots,61858229,61875502,17273