Skill:,TotalXP,,Total XP gained:,1241963
#1,Iron_Nimmi,139804309,140287005,482696
#2,Thedyolf,121880832,122089182,208350
#3,Iron_Smorc,93898503,94054329,155826
#4,Tim_fe_rrell,31583611,31674269,90658
#5,ThedUIM,42288059,42358729,70670
#6,Pug_Soup,28885854,28940968,55114
#7,Iron_Keagan,114742536,114796185,53649
#8,Whats_Da_Ge,255606764,255660084,53320
#9,Getlowcelot3,71332266,71379586,47320
#10,Sabin_08,55428899,55453259,24360