Skill:,TotalXP,,Total XP gained:,202272350
#1,Iron_Tonkin,115392146,127973570,12581424
#2,Iron_flyn,175184201,186300228,11116027
#3,IronOdum,555395462,565608238,10212776
#4,Tetsu_nurtaw,136792358,146968738,10176380
#5,Home_Workout,102417499,112506607,10089108
#6,Druknr,221016900,230724870,9707970
#7,Iron_smorc,149567770,158580292,9012522
#8,Iron_Venema,200011159,208744683,8733524
#9,Master_beast,297034875,305223283,8188408
#10,Lucky_Lucid,117511966,125643226,8131260
#11,Crulious,98672642,106475219,7802577
#12,Iron_nimmi,218928095,225515644,6587549
#13,Conztant,151738209,157746135,6007926
#14,Iron_Grumio,192904510,198786064,5881554
#15,Temku,116395142,122180438,5785296
#16,Thedyolf,197105947,202640386,5534439
#17,Getlowcelot3,108207470,113054409,4846939
#18,L3opoldstoch,76303373,80845764,4542391
#19,Hovmeizter,445515642,449956174,4440532
#20,LucyFur_iron,77663818,81883067,4219249
#21,Dezq,316463640,320565588,4101948
#22,Paganwayz,88468052,92071950,3603898
#23,Dihl,111082136,114613917,3531781
#24,Gat_Damn,16894621,20326922,3432301
#25,The_Roots,61875502,65293111,3417609
#26,Tim_fe_rrell,99285253,102500288,3215035
#27,Lil_SadBoy,67867572,70619094,2751522
#28,S0da_ash,112384000,115029136,2645136
#29,HC_Kippster0,12405138,14890172,2485034
#30,Ekats_UK,241702628,243838044,2135416
#31,Confused_Seb,18799148,20929234,2130086
#32,Saggy_bewbz,32500922,34615261,2114339
#33,Octive,135606164,137616939,2010775
#34,SlackyQQ,127965885,129509343,1543458
#35,Rouqz,132229969,133615525,1385556
#36,Iron_Island,33057353,34433526,1376173
#37,Ex_hcim_brad,90615795,91914839,1299044
#38,IronSlainRev,42395937,43691074,1295137
#39,Putrid,56916336,58082888,1166552
#40,Hovis_loaf,112426315,113533807,1107492
#41,Wolowizzle,187180266,188189995,1009729
#42,Haaarp,136633287,137303246,669959
#43,Rounder,146922384,147097745,175361
#44,Shuryo_Tora,74446037,74505863,59826
#45,Boy_Jakeob,39424969,39436301,11332