Skill:,TotalXP,,Total XP gained:,21139993
#1,Iron_Tonkin,139690321,141643103,1952782
#2,The_Roots,75971764,77526076,1554312
#3,Crulious,111348420,112877977,1529557
#4,Druknr,240201603,241714114,1512511
#5,Home_Workout,119921407,121359446,1438039
#6,Thedyolf,211962911,213212166,1249255
#7,Gat_Damn,24337424,25354440,1017016
#8,Iron_Venema,215883870,216781217,897347
#9,Master_beast,310014357,310830507,816150
#10,L3opoldstoch,86226420,87033589,807169
#11,Rouqz,140373594,141112537,738943
#12,Lucky_Lucid,128403658,129133879,730221
#13,Dezq,323536408,324247773,711365
#14,Octive,139844876,140493403,648527
#15,Dihl,118720896,119338485,617589
#16,1Iron_Reborn,394142771,394685500,542729
#17,Iron_smorc,161206248,161729765,523517
#18,Iron_flyn,198627809,199107504,479695
#19,Tim_fe_rrell,106541876,106945191,403315
#20,Hovmeizter,452185587,452549863,364276
#21,LucyFur_iron,87836824,88154690,317866
#22,S0da_ash,117781575,118096021,314446
#23,Ekats_UK,245725092,246036043,310951
#24,SlackyQQ,131022035,131329929,307894
#25,Iron_nimmi,230842607,231095934,253327
#26,Snatzkoning,90929418,91131253,201835
#27,Confused_Seb,22668669,22813308,144639
#28,HC_Kippster0,18911773,19045049,133276
#29,IronSlainRev,44443423,44559814,116391
#30,Lil_SadBoy,71378359,71492699,114340
#31,Iron_Island,35143747,35254533,110786
#32,Temku,124772757,124866425,93668
#33,Getlowcelot3,114917394,114990490,73096
#34,Haaarp,138156231,138217437,61206
#35,Iron_Grumio,200492876,200522692,29816
#36,Ex_hcim_brad,97674672,97696813,22141