Skill:,TotalXP,,Total XP gained:,108403698
#1,Desabled,227820522,236256771,8436249
#2,Hovmeizter,331371870,339220011,7848141
#3,Thedyolf,92165204,99670033,7504829
#4,Master_Beast,189555576,196768669,7213093
#5,Iron_Smorc,80769901,87548740,6778839
#6,Rounder,124787177,130287652,5500475
#7,Ironodum,442821516,447918967,5097451
#8,1iron_Reborn,321775334,326301190,4525856
#9,ThedUIM,20923101,24918697,3995596
#10,Kyopeli,34560070,38182477,3622407
#11,Kusirusina,51595406,55041197,3445791
#12,L3opoldstoch,35898284,39179016,3280732
#13,VomitValcano,39441973,42432911,2990938
#14,Onkie_donk,41700394,44670365,2969971
#15,Mr_No_Lift,322137467,325027358,2889891
#16,Pug_Soup,21397823,24287062,2889239
#17,Lamfear,168876446,171577768,2701322
#18,Swemf,31870685,34521402,2650717
#19,Sabin_08,41670042,44101491,2431449
#20,Rouqz,111146127,113191869,2045742
#21,Virgin_Barry,15114702,17107477,1992775
#22,Dihl,84437525,86293063,1855538
#23,Mrh4mm3r,80457189,82309984,1852795
#24,Grazyiron,69932985,71617683,1684698
#25,Spartin028,89813164,91443988,1630824
#26,236P,20462738,21775350,1312612
#27,Iron_Mikx,61525365,62735788,1210423
#28,Imcairnsy,58574468,59490370,915902
#29,The_Roots,37177813,38050944,873131
#30,Tetsu_Nurtaw,46564186,47417547,853361
#31,Slique,137298593,138080092,781499
#32,Iron_Nimmi,134011110,134689579,678469
#33,Lolland,55824693,56414998,590305
#34,Juicy_Orphan,84505092,85051260,546168
#35,Ir0nman_J0sh,42544524,42991873,447349
#36,Lucky_Lucid,48702206,49089169,386963
#37,Iron_Kraydoz,16852723,17209528,356805
#38,Spets,85931212,86273494,342282
#39,Just_Haarp,100055670,100372231,316561
#40,Jhb,373847872,374123676,275804
#41,Druknr,111067230,111320889,253659
#42,Solo_deejay,14399906,14640587,240681
#43,Perpetuitate,4934824,5070854,136030
#44,Karc,220354958,220379839,24881
#45,Goneau,7669014,7693157,24143
#46,Jesstice,36366491,36367768,1277
#47,Fuq_U_Blyat,303012428,303012463,35