Skill:,TotalXP,,Total XP gained:,360498693
#1,Tetsu_nurtaw,86221916,115104431,28882515
#2,Hovis_loaf,75950296,99893665,23943369
#3,Master_beast,262348536,285090831,22742295
#4,Iron_flyn,136758235,157217084,20458849
#5,Iron_nimmi,188537213,207016411,18479198
#6,IronOdum,497795734,514394199,16598465
#7,Thedyolf,167070908,183159540,16088632
#8,LuckyLucidQQ,86146653,100965923,14819270
#9,Hovmeizter,406922176,421460698,14538522
#10,Druknr,194282413,208609055,14326642
#11,Temku,91144682,104280454,13135772
#12,Tim_fe_rrell,74415473,87193463,12777990
#13,SlackyQQ,107052956,118770750,11717794
#14,Octive,123373159,134051308,10678149
#15,Iron_smorc,128592489,138948050,10355561
#16,Getlowcelot3,95315083,104281583,8966500
#17,S0da_ash,96190827,104938769,8747942
#18,Iron_Venema,183829128,192081790,8252662
#19,Lil_SadBoy,52235667,59869604,7633937
#20,Spets,119974269,127121440,7147171
#21,Ekats_UK,221130817,227652021,6521204
#22,Iron_Island,21767277,27407098,5639821
#23,Saggy_bewbz,22450092,27946124,5496032
#24,Conztant,136815928,142268470,5452542
#25,Paganwayz,70903887,75920750,5016863
#26,Putrid,42923145,47235395,4312250
#27,IronSlainRev,33557837,37860991,4303154
#28,HC_Kippster0,2653663,6928878,4275215
#29,Dezq,306919790,310995114,4075324
#30,Ex_hcim_brad,84614851,88577671,3962820
#31,TwigQQ,107062850,110474792,3411942
#32,Rounder,142196356,145415016,3218660
#33,L3opoldstoch,72401653,75264232,2862579
#34,Shuryo_Tora,70904225,73733596,2829371
#35,Twig_HC,85671,2753053,2667382
#36,LucyFur_iron,70858509,73150515,2292006
#37,Jesstice,47825344,49100298,1274954
#38,Iron_Grumio,182637662,183621490,983828
#39,Haaarp,134298782,135185495,886713
#40,The_Roots,61133431,61858229,724798