Skill:,TotalXP,,Total XP gained:,91760811
#1,Tetsu_nurtaw,86221916,94960797,8738881
#2,Iron_nimmi,188537213,195740136,7202923
#3,Master_beast,262348536,269314148,6965612
#4,Tim_fe_rrell,74415473,79648951,5233478
#5,Thedyolf,167070908,172216701,5145793
#6,IronOdum,497795734,502498201,4702467
#7,Iron_flyn,136758235,141222500,4464265
#8,Druknr,194282413,198667354,4384941
#9,SlackyQQ,107052956,111260611,4207655
#10,Octive,123373159,127474403,4101244
#11,Iron_smorc,128592489,131542975,2950486
#12,Dezq,306919790,309828142,2908352
#13,Temku,91144682,94026498,2881816
#14,Lil_SadBoy,52235667,55094918,2859251
#15,Iron_Venema,183829128,186586485,2757357
#16,HC_Grumio,92116531,94793328,2676797
#17,TwigQQ,107062850,109665498,2602648
#18,S0da_ash,96190827,98780218,2589391
#19,Getlowcelot3,95315083,97850502,2535419
#20,Hovmeizter,406922176,409260834,2338658
#21,L3opoldstoch,72401653,74395373,1993720
#22,Hovis_loaf,75950296,77594420,1644124
#23,IronSlainRev,33557837,34555684,997847
#24,Shuryo_Tora,70904225,71900242,996017
#25,LucyFur_iron,70858509,71825213,966704
#26,HC_Kippster0,2653663,3418198,764535
#27,Jesstice,47825344,48499179,673835
#28,Saggy_bewbz,22450092,23063565,613473
#29,Ex_hcim_brad,84614851,85086938,472087
#30,Spets,119974269,120363129,388860
#31,Rounder,142196356,142198531,2175