Skill:,TotalXP,,Total XP gained:,2103960
#1,Crulious,111348420,111667653,319233
#2,Thedyolf,211962911,212278206,315295
#3,Iron_Venema,215883870,216136065,252195
#4,Lucky_Lucid,128403658,128649049,245391
#5,Home_Workout,119921407,120080562,159155
#6,Druknr,240201603,240344061,142458
#7,LucyFur_iron,87836824,87971526,134702
#8,Iron_flyn,198627809,198741478,113669
#9,Iron_smorc,161206248,161306369,100121
#10,Octive,139844876,139932066,87190
#11,Gat_Damn,24337424,24418906,81482
#12,Rouqz,140373594,140432417,58823
#13,The_Roots,75971764,76024525,52761
#14,SlackyQQ,131022035,131048172,26137
#15,Ekats_UK,245725092,245739948,14856
#16,Snatzkoning,90929418,90929910,492