Skill:,TotalXP,,Total XP gained:,31186770
#1,IronOdum,516590550,523795845,7205295
#2,Hovis_loaf,101576078,103695207,2119129
#3,Iron_Grumio,183778500,185755672,1977172
#4,Tetsu_nurtaw,116000513,117807224,1806711
#5,Hovmeizter,423316473,425031943,1715470
#6,Iron_nimmi,207592921,209137776,1544855
#7,Temku,106114149,107509436,1395287
#8,Iron_smorc,139992035,141380386,1388351
#9,Ekats_UK,231724051,233040797,1316746
#10,S0da_ash,105306917,106470757,1163840
#11,Thedyolf,183772692,184823160,1050468
#12,Tim_fe_rrell,88237935,89038323,800388
#13,Iron_flyn,158317073,159036748,719675
#14,Conztant,142522578,143226730,704152
#15,Druknr,209828298,210523083,694785
#16,HC_Kippster0,7263195,7949573,686378
#17,Lucky_Lucid,102983767,103615552,631785
#18,SlackyQQ,119241910,119837055,595145
#19,Iron_Venema,193225946,193797258,571312
#20,Iron_Island,28110009,28616732,506723
#21,Saggy_bewbz,28635273,29096701,461428
#22,Ex_hcim_brad,89067175,89374243,307068
#23,Putrid,47235395,47503408,268013
#24,Rounder,145539940,145797745,257805
#25,Lil_SadBoy,60505318,60761621,256303
#26,Paganwayz,76011250,76266721,255471
#27,IronSlainRev,38293757,38536470,242713
#28,Octive,134212156,134403882,191726
#29,Master_beast,286367783,286512129,144346
#30,Dezq,311198202,311291617,93415
#31,Spets,127121440,127187939,66499
#32,Haaarp,135185495,135216538,31043
#33,The_Roots,61858229,61875502,17273