Skill:,TotalXP,,Total XP gained:,265259531
#1,Rounder,101550143,124588576,23038433
#2,Master_Beast,172033136,189401389,17368253
#3,Desabled,211817609,227047551,15229942
#4,Hovmeizter,318127532,331371870,13244338
#5,Slique,124960293,137298593,12338300
#6,Ironodum,432083889,442809700,10725811
#7,Sobrietity,26911056,37174367,10263311
#8,Iron_Smorc,69963732,80132578,10168846
#9,Grazyiron,59748410,69652209,9903799
#10,Lucky_Lucid,38879526,48702206,9822680
#11,Druknr,102757168,111061805,8304637
#12,7_7_3_4,103164684,111146127,7981443
#13,Mr_No_Lift,314774730,322137467,7362737
#14,Kusirusina,44013637,51246668,7233031
#15,L3opoldstoch,29516822,35898284,6381462
#16,ThedUIM,14704775,20875548,6170773
#17,N64DD,13421833,18783734,5361901
#18,1iron_Reborn,316836794,321737931,4901137
#19,Just_Haarp,93927915,98821869,4893954
#20,Iron_Nimmi,129185873,134011110,4825237
#21,Sabin_08,36816335,41613720,4797385
#22,Kyopeli,29859304,34560070,4700766
#23,Swemf,27302660,31870685,4568025
#24,Thedyolf,87450182,92007420,4557238
#25,Outs,95460971,100000030,4539059
#26,Aviron_nz,90353139,94624426,4271287
#27,Getlowcelot3,65176759,69002783,3826024
#28,Spartin028,86079944,89601742,3521798
#29,Juicy_Orphan,80986831,84505092,3518261
#30,236P,17206637,20462738,3256101
#31,Iron_Keagan,110117848,113163973,3046125
#32,Dihl,81504561,84306940,2802379
#33,Virgin_Barry,12577950,15114702,2536752
#34,Onkie_donk,39364308,41700394,2336086
#35,Karc,218174844,220354958,2180114
#36,Iron_K9,0,2090210,2090210
#37,Mrh4mm3r,78823277,80457189,1633912
#38,Boy_Jakeob,26970230,28491781,1521551
#39,Pug_Soup,19943212,21385896,1442684
#40,Jhb,372510093,373847872,1337779
#41,Ir0nman_J0sh,41310568,42544524,1233956
#42,Solo_deejay,13257068,14399906,1142838
#43,Iron_Mikx,60592198,61525365,933167
#44,Lolland,54997775,55824693,826918
#45,Lamfear,168234943,168876446,641503
#46,Whats_A_Ge,14234658,14862684,628026
#47,Goneau,7162711,7669014,506303
#48,Larry_0g,167325781,167828897,503116
#49,Whats_Da_Ge,251754529,252235618,481089
#50,SlackyQQ,89607351,89771333,163982
#51,Imcairnsy,58447819,58574468,126649
#52,Jesstice,36302938,36366491,63553
#53,Hudson,114347407,114350817,3410
#54,Fe_Boney_B,94526389,94527849,1460