Skill:,TotalXP,,Total XP gained:,8374844
#1,Druknr,163260561,164328433,1067872
#2,S0da_ash,82296427,83328479,1032052
#3,Thedyolf,137957364,138655950,698586
#4,Temku,72878856,73509334,630478
#5,Iron_flyn,121379543,121977799,598256
#6,Master_beast,242783275,243377688,594413
#7,Jesstice,38376097,38913798,537701
#8,Hovis_loaf,56706304,57204915,498611
#9,Desabled,276234816,276653144,418328
#10,Iron_smorc,121101591,121462130,360539
#11,Tetsu_nurtaw,63811402,64168639,357237
#12,Octive,109327339,109576790,249451
#13,Constunt,109759855,109985610,225755
#14,Sobrietity,52397149,52617363,220214
#15,IronSlainRev,28111926,28319058,207132
#16,LucyFur_iron,57418827,57593108,174281
#17,Spets,103429216,103587186,157970
#18,Lucky_lucid,54142319,54244355,102036
#19,Getlowcelot3,86333686,86410133,76447
#20,Lil_SadBoy,40823136,40884415,61279
#21,Iron_Venema,164432803,164470761,37958
#22,Ex_hcim_brad,80384339,80412339,28000
#23,SlackyQQ,97674197,97700389,26192
#24,Outs,101147023,101159265,12242
#25,J3S5E,67465629,67467443,1814