Skill:,TotalXP,,Total XP gained:,5760414
#1,Thedyolf,167070908,168065196,994288
#2,Getlowcelot3,95315083,95906781,591698
#3,Master_beast,262348536,262919554,571018
#4,Tetsu_nurtaw,86221916,86763368,541452
#5,HC_Grumio,92116531,92514503,397972
#6,Octive,123373159,123758118,384959
#7,Iron_nimmi,188537213,188904689,367476
#8,Spets,119974269,120291777,317508
#9,Shuryo_Tora,70904225,71091949,187724
#10,S0da_ash,96190827,96370450,179623
#11,Temku,91144682,91323170,178488
#12,Iron_smorc,128592489,128754689,162200
#13,Tim_fe_rrell,74415473,74566347,150874
#14,Lil_SadBoy,52235667,52344905,109238
#15,Iron_Venema,183829128,183934890,105762
#16,Lucky_lucid,86146653,86247000,100347
#17,SlackyQQ,107052956,107148361,95405
#18,Dezq,306919790,306999811,80021
#19,Hovis_loaf,75950296,76011600,61304
#20,TwigQQ,107062850,107122190,59340
#21,L3opoldstoch,72401653,72444756,43103
#22,HC_Kippster0,2653663,2689155,35492
#23,IronSlainRev,33557837,33579850,22013
#24,Druknr,194282413,194300097,17684
#25,LucyFur_iron,70858509,70861759,3250
#26,Rounder,142196356,142198531,2175