Skill:,TotalXP,,Total XP gained:,1629555
#1,Tim_fe_rrell,19657829,20212683,554854
#2,Thedyolf,106864531,107124750,260219
#3,Mr_No_Lift,328955883,329198542,242659
#4,ThedUIM,28969348,29175857,206509
#5,Sabin_08,46727931,46797515,69584
#6,L3opoldstoch,41921052,41984320,63268
#7,1iron_Reborn,329338767,329392635,53868
#8,Iron_Smorc,89060678,89114478,53800
#9,Mrh4mm3r,84258742,84298098,39356
#10,Ir0nman_J0sh,43186042,43214242,28200
#11,The_Roots,47139761,47164550,24789
#12,Grazyiron,81041072,81059356,18284
#13,Boy_Jakeob,28578166,28592328,14162
#14,Druknr,111470223,111470226,3