Skill:,TotalXP,,Total XP gained:,680472
#1,Getlowcelot3,108207470,108361246,153776
#2,Home_Workout,102417499,102543967,126468
#3,Thedyolf,197105947,197224014,118067
#4,Paganwayz,88468052,88541215,73163
#5,IronOdum,555395462,555465810,70348
#6,Tetsu_nurtaw,136792358,136860588,68230
#7,Iron_Venema,200011159,200041793,30634
#8,Iron_smorc,149567770,149583124,15354
#9,Lucky_Lucid,117511966,117526122,14156
#10,Confused_Seb,18799148,18809424,10276