Skill:,TotalXP,,Total XP gained:,12636203
#1,Thedyolf,121880832,123172480,1291648
#2,1iron_Reborn,338758530,340041702,1283172
#3,Getlowcelot3,71332266,72446459,1114193
#4,ThedUIM,42288059,43082956,794897
#5,Iron_Nimmi,139804309,140461663,657354
#6,Iron_Keagan,114742536,115369693,627157
#7,Ironodum,469555003,470096437,541434
#8,Kusirusina,56783730,57301363,517633
#9,Sabin_08,55428899,55944584,515685
#10,Tim_fe_rrell,31583611,32053391,469780
#11,Ir0nman_J0sh,45209586,45665170,455584
#12,Iron_Smorc,93898503,94331886,433383
#13,Master_Beast,217875691,218269849,394158
#14,Whats_Da_Ge,255606764,255957912,351148
#15,Perpetuitate,10110191,10458529,348338
#16,HC_Grumio,47938712,48238904,300192
#17,236P,26005554,26302890,297336
#18,Desabled,241167798,241458433,290635
#19,Ex_hcim_brad,65848894,66114559,265665
#20,Iron_Mikx,70782033,71046400,264367
#21,Hovmeizter,342197747,342430948,233201
#22,Just_Haarp,104280361,104509581,229220
#23,Spartin028,91906814,92124530,217716
#24,P4y_D1rt,34131794,34271022,139228
#25,Pug_Soup,28885854,29019976,134122
#26,Solo_deejay,15770382,15888755,118373
#27,Imcairnsy,62970167,63082830,112663
#28,L3opoldstoch,49346606,49456687,110081
#29,Slique,139846304,139916440,70136
#30,Swemf,49741362,49766512,25150
#31,Virgin_Barry,18309257,18329702,20445
#32,Lolland,58857359,58867093,9734
#33,Onkie_donk,52658739,52661114,2375