Skill:,TotalXP,,Total XP gained:,86311817
#1,Tetsu_nurtaw,86221916,94357515,8135599
#2,Iron_nimmi,188537213,195459807,6922594
#3,Master_beast,262348536,269187910,6839374
#4,Thedyolf,167070908,172216701,5145793
#5,Tim_fe_rrell,74415473,78935352,4519879
#6,IronOdum,497795734,502165616,4369882
#7,Druknr,194282413,198497648,4215235
#8,Iron_flyn,136758235,140864487,4106252
#9,Octive,123373159,127264102,3890943
#10,SlackyQQ,107052956,110786714,3733758
#11,Iron_smorc,128592489,131503238,2910749
#12,Dezq,306919790,309828142,2908352
#13,Temku,91144682,93836252,2691570
#14,S0da_ash,96190827,98780218,2589391
#15,Lil_SadBoy,52235667,54802986,2567319
#16,Getlowcelot3,95315083,97850502,2535419
#17,HC_Grumio,92116531,94573407,2456876
#18,Iron_Venema,183829128,186242652,2413524
#19,TwigQQ,107062850,109435714,2372864
#20,Hovmeizter,406922176,409116553,2194377
#21,L3opoldstoch,72401653,74161001,1759348
#22,Hovis_loaf,75950296,77572363,1622067
#23,IronSlainRev,33557837,34499760,941923
#24,LucyFur_iron,70858509,71703713,845204
#25,Shuryo_Tora,70904225,71735685,831460
#26,HC_Kippster0,2653663,3400053,746390
#27,Jesstice,47825344,48436446,611102
#28,Saggy_bewbz,22450092,23021543,571451
#29,Ex_hcim_brad,84614851,85086938,472087
#30,Spets,119974269,120363129,388860
#31,Rounder,142196356,142198531,2175