Skill:,TotalXP,,Total XP gained:,23169148
#1,Rounder,101550143,104504228,2954085
#2,Ironodum,432083889,433865169,1781280
#3,Lucky_Lucid,38879526,40254668,1375142
#4,Sobrietity,26911056,28221521,1310465
#5,Desabled,211817609,213026852,1209243
#6,Grazyiron,59748410,60800533,1052123
#7,Aviron_nz,90353139,91345687,992548
#8,N64DD,13421833,14401657,979824
#9,Slique,124960293,125826852,866559
#10,Druknr,102757168,103620382,863214
#11,Iron_Smorc,69963732,70815607,851875
#12,7_7_3_4,103164684,103979220,814536
#13,Outs,95460971,96209815,748844
#14,Boy_Jakeob,26970230,27615561,645331
#15,Kusirusina,44013637,44631202,617565
#16,Getlowcelot3,65176759,65744575,567816
#17,L3opoldstoch,29516822,30029659,512837
#18,Master_Beast,172033136,172510979,477843
#19,Karc,218174844,218644961,470117
#20,Juicy_Orphan,80986831,81446479,459648
#21,Sabin_08,36816335,37249496,433161
#22,Goneau,7162711,7583889,421178
#23,1iron_Reborn,316836794,317253208,416414
#24,Kyopeli,29859304,30205458,346154
#25,Solo_deejay,13257068,13556771,299703
#26,Mr_No_Lift,314774730,315072459,297729
#27,Thedyolf,87450182,87640653,190471
#28,Just_Haarp,93927915,94093486,165571
#29,Larry_0g,167325781,167488197,162416
#30,Ir0nman_J0sh,41310568,41446062,135494
#31,Whats_A_Ge,14234658,14359407,124749
#32,Dihl,81504561,81626473,121912
#33,Imcairnsy,58447819,58542739,94920
#34,Iron_Mikx,60592198,60679879,87681
#35,Spartin028,86079944,86161249,81305
#36,SlackyQQ,89607351,89665347,57996
#37,Hovmeizter,318127532,318184958,57426
#38,Mrh4mm3r,78823277,78865057,41780
#39,Whats_Da_Ge,251754529,251785854,31325
#40,DAMNITrone,10729583,10758137,28554
#41,Iron_Nimmi,129185873,129207016,21143
#42,Fe_Boney_B,94526389,94527353,964
#43,Virgin_Barry,12577950,12578109,159
#44,Young_X,17568586,17568634,48