Skill:,TotalXP,,Total XP gained:,93368305
#1,The_Roots,47139761,54357171,7217410
#2,Grazyiron,81041072,88131328,7090256
#3,Tim_fe_rrell,19657829,26047289,6389460
#4,1iron_Reborn,329338767,335468937,6130170
#5,Ironodum,454687256,460224379,5537123
#6,Master_Beast,203215303,208149425,4934122
#7,Thedyolf,106864531,111790756,4926225
#8,ThedUIM,28969348,33523926,4554578
#9,Swemf,39795458,43525617,3730159
#10,Sabin_08,46727931,50320142,3592211
#11,Druknr,111470223,114886299,3416076
#12,Onkie_donk,46872112,49584152,2712040
#13,Desabled,237852288,240229149,2376861
#14,Paganwayz,56544585,58892087,2347502
#15,Iron_Mikx,65824919,68118091,2293172
#16,L3opoldstoch,41921052,44212553,2291501
#17,Imcairnsy,60029838,62311541,2281703
#18,Mrh4mm3r,84258742,86119817,1861075
#19,Pug_Soup,26632409,28269756,1637347
#20,Lamfear,178611326,180136272,1524946
#21,Iron_Smorc,89060678,90249211,1188533
#22,Mr_No_Lift,328955883,330102771,1146888
#23,236P,23851362,24945035,1093673
#24,Ir0nman_J0sh,43186042,44272853,1086811
#25,Boy_Jakeob,28578166,29664043,1085877
#26,Just_Haarp,100856411,101909357,1052946
#27,Perpetuitate,6079934,7117951,1038017
#28,P4y_D1rt,31290345,32298511,1008166
#29,Lolland,57102163,58054972,952809
#30,Rounder,136589720,137388603,798883
#31,Iron_Nimmi,135826142,136586761,760619
#32,Hovmeizter,339862446,340586067,723621
#33,Juicy_Orphan,85051260,85751060,699800
#34,Whats_Da_Ge,253353737,254046577,692840
#35,Spets,87644887,88250335,605448
#36,VomitValcano,45258579,45764268,505689
#37,Rouqz,114356281,114730657,374376
#38,Jhb,374897322,375251141,353819
#39,Slique,138873291,139195810,322519
#40,Tetsu_Nurtaw,48361464,48678983,317519
#41,Kusirusina,55041197,55282538,241341
#42,Dihl,87317655,87547652,229997
#43,Virgin_Barry,17107477,17334172,226695
#44,Solo_deejay,14810241,14824525,14284
#45,Spartin028,91764310,91767508,3198