Skill:,TotalXP,,Total XP gained:,15130767
#1,S0da_ash,78168335,79818672,1650337
#2,Temku,67463751,69104499,1640748
#3,Iron_flyn,111527874,113064394,1536520
#4,Desabled,267101981,268226313,1124332
#5,Thedyolf,129501838,130603510,1101672
#6,Druknr,154756976,155747471,990495
#7,Hovis_loaf,51537716,52504885,967169
#8,Tetsu_nurtaw,58073391,58969631,896240
#9,Master_beast,237371778,238156133,784355
#10,Putrid,28292567,28982990,690423
#11,Ex_hcim_brad,76717627,77384743,667116
#12,Sobrietity,49767572,50406940,639368
#13,Constunt,105847772,106448334,600562
#14,Iron_nimmi,157818045,158358256,540211
#15,Iron_smorc,116953742,117417542,463800
#16,LucyFur_iron,53050525,53463879,413354
#17,Saggy_bewbz,22134460,22361035,226575
#18,Octive,105938194,106125218,187024
#19,IronSlainRev,28012535,28023001,10466