Skill:,TotalXP,,Total XP gained:,305065508
#1,Iron_Tonkin,115392146,136412544,21020398
#2,Iron_flyn,175184201,193526376,18342175
#3,Druknr,221016900,237774564,16757664
#4,Home_Workout,102417499,117759136,15341637
#5,Tetsu_nurtaw,136792358,150402016,13609658
#6,Iron_Venema,200011159,213062018,13050859
#7,Thedyolf,197105947,209180158,12074211
#8,Master_beast,297034875,308683497,11648622
#9,Iron_nimmi,218928095,229958413,11030318
#10,Crulious,98672642,109604661,10932019
#11,Iron_smorc,149567770,160123485,10555715
#12,The_Roots,61875502,72356051,10480549
#13,IronOdum,555395462,565608238,10212776
#14,Lucky_Lucid,117511966,127024035,9512069
#15,LucyFur_iron,77663818,85721740,8057922
#16,L3opoldstoch,76303373,84135372,7831999
#17,Temku,116395142,123698691,7303549
#18,Tim_fe_rrell,99285253,106295770,7010517
#19,Iron_Grumio,192904510,199836019,6931509
#20,Rouqz,132229969,139028681,6798712
#21,Hovmeizter,445515642,452001854,6486212
#22,Getlowcelot3,108207470,114512298,6304828
#23,Gat_Damn,16894621,23170382,6275761
#24,Dihl,111082136,116977479,5895343
#25,Dezq,316463640,321944429,5480789
#26,Ex_hcim_brad,90615795,95867016,5251221
#27,HC_Kippster0,12405138,17232185,4827047
#28,Paganwayz,88468052,92111287,3643235
#29,S0da_ash,112384000,116011143,3627143
#30,Octive,135606164,138950295,3344131
#31,Lil_SadBoy,67867572,71124949,3257377
#32,Confused_Seb,18799148,22022898,3223750
#33,Ekats_UK,241702628,244842363,3139735
#34,SlackyQQ,127965885,130388542,2422657
#35,Saggy_bewbz,32500922,34811389,2310467
#36,Iron_Island,33057353,35092786,2035433
#37,IronSlainRev,42395937,43768566,1372629
#38,Snatzkoning,89115845,90481431,1365586
#39,Wolowizzle,187180266,188507385,1327119
#40,Haaarp,136633287,137809368,1176081
#41,Putrid,56916336,58082888,1166552
#42,1Iron_Reborn,391824559,392981038,1156479
#43,Hovis_loaf,112426315,113533807,1107492
#44,Rounder,146922384,147097745,175361
#45,Boy_Jakeob,39424969,39555345,130376
#46,Shuryo_Tora,74446037,74505863,59826