Skill:,TotalXP,,Total XP gained:,1627552
#1,Iron_Nimmi,139804309,140287005,482696
#2,Thedyolf,121880832,122265637,384805
#3,Iron_Smorc,93898503,94094567,196064
#4,ThedUIM,42288059,42457971,169912
#5,Tim_fe_rrell,31583611,31674269,90658
#6,Whats_Da_Ge,255606764,255682987,76223
#7,Iron_Keagan,114742536,114814055,71519
#8,Pug_Soup,28885854,28940968,55114
#9,Getlowcelot3,71332266,71379586,47320
#10,236P,26005554,26034435,28881
#11,Sabin_08,55428899,55453259,24360