Skill:,TotalXP,,Total XP gained:,1135743
#1,Crulious,111348420,111667653,319233
#2,Thedyolf,211962911,212200783,237872
#3,Iron_Venema,215883870,216046106,162236
#4,LucyFur_iron,87836824,87971526,134702
#5,Lucky_Lucid,128403658,128497690,94032
#6,Iron_flyn,198627809,198686905,59096
#7,Druknr,240201603,240243558,41955
#8,Home_Workout,119921407,119956918,35511
#9,Gat_Damn,24337424,24371472,34048
#10,Octive,139844876,139854306,9430
#11,Rouqz,140373594,140381222,7628