Skill:,TotalXP,,Total XP gained:,85671223
#1,Rounder,101550143,109885603,8335460
#2,Sobrietity,26911056,31542665,4631609
#3,Druknr,102757168,107363398,4606230
#4,Grazyiron,59748410,64331824,4583414
#5,Lucky_Lucid,38879526,43344820,4465294
#6,Desabled,211817609,215942972,4125363
#7,N64DD,13421833,17384442,3962609
#8,Aviron_nz,90353139,94244677,3891538
#9,Slique,124960293,128433422,3473129
#10,Iron_Smorc,69963732,72916085,2952353
#11,7_7_3_4,103164684,106064400,2899716
#12,Getlowcelot3,65176759,68002955,2826196
#13,Outs,95460971,98281532,2820561
#14,Ironodum,432083889,434445547,2361658
#15,Master_Beast,172033136,174214594,2181458
#16,Karc,218174844,220329709,2154865
#17,1iron_Reborn,316836794,318907068,2070274
#18,Kyopeli,29859304,31879491,2020187
#19,Sabin_08,36816335,38722695,1906360
#20,L3opoldstoch,29516822,31358129,1841307
#21,Kusirusina,44013637,45742875,1729238
#22,Hovmeizter,318127532,319739966,1612434
#23,Boy_Jakeob,26970230,28475140,1504910
#24,Onkie_donk,39364308,40814761,1450453
#25,Mr_No_Lift,314774730,316118235,1343505
#26,Thedyolf,87450182,88756194,1306012
#27,Iron_Nimmi,129185873,130442804,1256931
#28,Juicy_Orphan,80986831,81980568,993737
#29,236P,17206637,18178851,972214
#30,Solo_deejay,13257068,13910283,653215
#31,Spartin028,86079944,86657643,577699
#32,Goneau,7162711,7669014,506303
#33,DAMNITrone,10729583,11220613,491030
#34,Dihl,81504561,81991066,486505
#35,Larry_0g,167325781,167700678,374897
#36,Just_Haarp,93927915,94256857,328942
#37,Iron_Mikx,60592198,60915903,323705
#38,Whats_Da_Ge,251754529,251989074,234545
#39,Ir0nman_J0sh,41310568,41522268,211700
#40,Whats_A_Ge,14234658,14442942,208284
#41,Mrh4mm3r,78823277,79013323,190046
#42,ThedUIM,14704775,14879163,174388
#43,Virgin_Barry,12577950,12747874,169924
#44,Jhb,372510093,372673394,163301
#45,Iron_Keagan,110117848,110261644,143796
#46,Imcairnsy,58447819,58542739,94920
#47,SlackyQQ,89607351,89665347,57996
#48,Fe_Boney_B,94526389,94527353,964
#49,Young_X,17568586,17568634,48