Skill:,TotalXP,,Total XP gained:,292721980
#1,IronOdum,516590550,552478806,35888256
#2,Tetsu_nurtaw,116000513,134502144,18501631
#3,Hovmeizter,423316473,441189385,17872912
#4,Iron_flyn,158317073,171506655,13189582
#5,Thedyolf,183772692,195068697,11296005
#6,Lucky_Lucid,102983767,113916736,10932969
#7,Hovis_loaf,101576078,112276438,10700360
#8,Temku,106114149,115844419,9730270
#9,Paganwayz,76011250,85588165,9576915
#10,Putrid,47235395,56680341,9444946
#11,Iron_nimmi,207592921,216718233,9125312
#12,Ekats_UK,231724051,240734650,9010599
#13,Conztant,142522578,151289577,8766999
#14,Druknr,209828298,218377062,8548764
#15,Tim_fe_rrell,88237935,96398773,8160838
#16,Master_beast,286367783,294524166,8156383
#17,Spets,127121440,135211862,8090422
#18,Iron_Grumio,183778500,191631980,7853480
#19,Iron_smorc,139992035,147371476,7379441
#20,SlackyQQ,119241910,126439640,7197730
#21,Dihl,103991303,110312480,6321177
#22,S0da_ash,105306917,111361521,6054604
#23,Lil_SadBoy,60505318,65752087,5246769
#24,Iron_Tonkin,109407945,114619378,5211433
#25,Iron_Venema,193225946,198290814,5064868
#26,Dezq,311198202,315755943,4557741
#27,HC_Kippster0,7263195,11544364,4281169
#28,Iron_Island,28110009,32235384,4125375
#29,Home_Workout,94955222,99019056,4063834
#30,IronSlainRev,38293757,41439678,3145921
#31,LucyFur_iron,73150515,76239756,3089241
#32,Saggy_bewbz,28635273,31262601,2627328
#33,Getlowcelot3,104281583,106057555,1775972
#34,Boy_Jakeob,37922779,39408195,1485416
#35,Haaarp,135185495,136541767,1356272
#36,Ex_hcim_brad,89067175,90349462,1282287
#37,Octive,134212156,135477553,1265397
#38,Rounder,145539940,146763816,1223876
#39,Shuryo_Tora,73733596,74423840,690244
#40,Wolowizzle,186190343,186602280,411937
#41,The_Roots,61858229,61875502,17273
#42,Confused_Seb,18266701,18266733,32