Skill:,TotalXP,,Total XP gained:,33754931
#1,Desabled,227820522,232404298,4583776
#2,Hovmeizter,331371870,334021302,2649432
#3,Master_Beast,189555576,192170807,2615231
#4,Thedyolf,92165204,94380555,2215351
#5,Iron_Smorc,80769901,82750030,1980129
#6,Mr_No_Lift,322137467,323701185,1563718
#7,Ironodum,442821516,444362187,1540671
#8,1iron_Reborn,321775334,323277334,1502000
#9,Grazyiron,69932985,71353503,1420518
#10,Swemf,31870685,33074857,1204172
#11,Kusirusina,51595406,52752870,1157464
#12,Spartin028,89813164,90945072,1131908
#13,ThedUIM,20923101,22016645,1093544
#14,Rounder,124787177,125879121,1091944
#15,L3opoldstoch,35898284,36963592,1065308
#16,Sobrietity,37224751,38193303,968552
#17,Dihl,84437525,85225702,788177
#18,Sabin_08,41670042,42414681,744639
#19,Imcairnsy,58574468,59283387,708919
#20,Lamfear,168876446,169551580,675134
#21,Virgin_Barry,15114702,15670688,555986
#22,Pug_Soup,21397823,21903333,505510
#23,236P,20462738,20887482,424744
#24,Juicy_Orphan,84505092,84849065,343973
#25,Iron_Mikx,61525365,61844440,319075
#26,Just_Haarp,100055670,100349236,293566
#27,Mrh4mm3r,80457189,80590965,133776
#28,Lucky_Lucid,48702206,48829082,126876
#29,Lolland,55824693,55950981,126288
#30,Onkie_donk,41700394,41797709,97315
#31,Kyopeli,34560070,34614793,54723
#32,Solo_deejay,14399906,14444706,44800
#33,Slique,137298593,137316000,17407
#34,Ir0nman_J0sh,42544524,42550451,5927
#35,Druknr,111067230,111071605,4375
#36,Jhb,373847872,373847875,3