Skill:,TotalXP,,Total XP gained:,11038231
#1,Tim_fe_rrell,19657829,21534083,1876254
#2,Thedyolf,106864531,107857745,993214
#3,1iron_Reborn,329338767,330265388,926621
#4,The_Roots,47139761,47817547,677786
#5,Iron_Smorc,89060678,89725953,665275
#6,ThedUIM,28969348,29559814,590466
#7,Master_Beast,203215303,203750440,535137
#8,Grazyiron,81041072,81429261,388189
#9,Swemf,39795458,40176495,381037
#10,Iron_Mikx,65824919,66157239,332320
#11,Sabin_08,46727931,47046983,319052
#12,Juicy_Orphan,85051260,85348040,296780
#13,Lolland,57102163,57385114,282951
#14,Ironodum,454687256,454944209,256953
#15,Mr_No_Lift,328955883,329198542,242659
#16,Desabled,237852288,238047365,195077
#17,Rounder,136589720,136781112,191392
#18,Ir0nman_J0sh,43186042,43376139,190097
#19,Spets,87644887,87825295,180408
#20,Paganwayz,56544585,56698877,154292
#21,Imcairnsy,60029838,60174741,144903
#22,Rouqz,114356281,114478988,122707
#23,Mrh4mm3r,84258742,84380178,121436
#24,L3opoldstoch,41921052,42038949,117897
#25,Lamfear,178611326,178722836,111510
#26,P4y_D1rt,31290345,31382695,92350
#27,Perpetuitate,6079934,6172280,92346
#28,Slique,138873291,138953252,79961
#29,Jhb,374897322,374976748,79426
#30,Druknr,111470223,111545417,75194
#31,VomitValcano,45258579,45332829,74250
#32,Boy_Jakeob,28578166,28649601,71435
#33,236P,23851362,23914143,62781
#34,Just_Haarp,100856411,100916499,60088
#35,Pug_Soup,26632409,26681829,49420
#36,Onkie_donk,46872112,46875481,3369
#37,Spartin028,91764310,91767508,3198